


































































































































0.979798	
0.979798	0.979798	
0.979798	0.979798	0.979798	
0.979798	0.979798	0.979798	0.979798	
0.979798	0.979798	0.979798	0.979798	0.979798	
0.979798	0.979798	0.979798	0.979798	0.979798	0.979798	
0.979798	0.979798	0.979798	0.979798	0.979798	0.979798	0.979798	
0.979798	0.979798	0.979798	0.979798	0.979798	0.979798	0.979798	0.979798	
0.979798	0.979798	0.979798	0.979798	0.979798	0.979798	0.979798	0.979798	0.979798	
0.979798	0.979798	0.979798	0.979798	0.979798	0.979798	0.979798	0.979798	0.979798	0.979798	
0.979798	0.979798	0.979798	0.979798	0.979798	0.979798	0.979798	0.979798	0.979798	0.979798	0.979798	
0.979798	0.979798	0.979798	0.979798	0.979798	0.979798	0.979798	0.979798	0.979798	0.979798	0.979798	0.979798	
0.979798	0.979798	0.979798	0.979798	0.979798	0.979798	0.979798	0.979798	0.979798	0.979798	0.979798	0.979798	0.979798	
0.979798	0.979798	0.979798	0.979798	0.979798	0.979798	0.979798	0.979798	0.979798	0.979798	0.979798	0.979798	0.979798	0.979798	
0.979798	0.979798	0.979798	0.979798	0.979798	0.979798	0.979798	0.979798	0.979798	0.979798	0.979798	0.979798	0.979798	0.979798	0.979798	
0.979798	0.979798	0.979798	0.979798	0.979798	0.979798	0.979798	0.979798	0.979798	0.979798	0.979798	0.979798	0.979798	0.979798	0.979798	0.979798	
0.979798	0.979798	0.979798	0.979798	0.979798	0.979798	0.979798	0.979798	0.979798	0.979798	0.979798	0.979798	0.979798	0.979798	0.979798	0.979798	0.979798	
0.979798	0.979798	0.979798	0.979798	0.979798	0.979798	0.979798	0.979798	0.979798	0.979798	0.979798	0.979798	0.979798	0.979798	0.979798	0.979798	0.979798	0.979798	
0.979798	0.979798	0.979798	0.979798	0.979798	0.979798	0.979798	0.979798	0.979798	0.979798	0.979798	0.979798	0.979798	0.979798	0.979798	0.979798	0.979798	0.979798	0.979798	
0.979798	0.979798	0.979798	0.979798	0.979798	0.979798	0.979798	0.979798	0.979798	0.979798	0.979798	0.979798	0.979798	0.979798	0.979798	0.979798	0.979798	0.979798	0.979798	0.979798	
0.979798	0.979798	0.979798	0.979798	0.979798	0.979798	0.979798	0.979798	0.979798	0.979798	0.979798	0.979798	0.979798	0.979798	0.979798	0.979798	0.979798	0.979798	0.979798	0.979798	0.979798	
0.979798	0.979798	0.979798	0.979798	0.979798	0.979798	0.979798	0.979798	0.979798	0.979798	0.979798	0.979798	0.979798	0.979798	0.979798	0.979798	0.979798	0.979798	0.979798	0.979798	0.979798	0.979798	
0.979798	0.979798	0.979798	0.979798	0.979798	0.979798	0.979798	0.979798	0.979798	0.979798	0.979798	0.979798	0.979798	0.979798	0.979798	0.979798	0.979798	0.979798	0.979798	0.979798	0.979798	0.979798	0.979798	
0.979798	0.979798	0.979798	0.979798	0.979798	0.979798	0.979798	0.979798	0.979798	0.979798	0.979798	0.979798	0.979798	0.979798	0.979798	0.979798	0.979798	0.979798	0.979798	0.979798	0.979798	0.979798	0.979798	0.979798	
0.979798	0.979798	0.979798	0.979798	0.979798	0.979798	0.979798	0.979798	0.979798	0.979798	0.979798	0.979798	0.979798	0.979798	0.979798	0.979798	0.979798	0.979798	0.979798	0.979798	0.979798	0.979798	0.979798	0.979798	0.979798	
0.979798	0.979798	0.979798	0.979798	0.979798	0.979798	0.979798	0.979798	0.979798	0.979798	0.979798	0.979798	0.979798	0.979798	0.979798	0.979798	0.979798	0.979798	0.979798	0.979798	0.979798	0.979798	0.979798	0.979798	0.979798	0.979798	
0.979798	0.979798	0.979798	0.979798	0.979798	0.979798	0.979798	0.979798	0.979798	0.979798	0.979798	0.979798	0.979798	0.979798	0.979798	0.979798	0.979798	0.979798	0.979798	0.979798	0.979798	0.979798	0.979798	0.979798	0.979798	0.979798	0.979798	
0.979798	0.979798	0.979798	0.979798	0.979798	0.979798	0.979798	0.979798	0.979798	0.979798	0.979798	0.979798	0.979798	0.979798	0.979798	0.979798	0.979798	0.979798	0.979798	0.979798	0.979798	0.979798	0.979798	0.979798	0.979798	0.979798	0.979798	0.979798	
0.979798	0.979798	0.979798	0.979798	0.979798	0.979798	0.979798	0.979798	0.979798	0.979798	0.979798	0.979798	0.979798	0.979798	0.979798	0.979798	0.979798	0.979798	0.979798	0.979798	0.979798	0.979798	0.979798	0.979798	0.979798	0.979798	0.979798	0.979798	0.979798	
0.979798	0.979798	0.979798	0.979798	0.979798	0.979798	0.979798	0.979798	0.979798	0.979798	0.979798	0.979798	0.979798	0.979798	0.979798	0.979798	0.979798	0.979798	0.979798	0.979798	0.979798	0.979798	0.979798	0.979798	0.979798	0.979798	0.979798	0.979798	0.979798	0.979798	
0.979798	0.979798	0.979798	0.979798	0.979798	0.979798	0.979798	0.979798	0.979798	0.979798	0.979798	0.979798	0.979798	0.979798	0.979798	0.979798	0.979798	0.979798	0.979798	0.979798	0.979798	0.979798	0.979798	0.979798	0.979798	0.979798	0.979798	0.979798	0.979798	0.979798	0.979798	
0.979798	0.979798	0.979798	0.979798	0.979798	0.979798	0.979798	0.979798	0.979798	0.979798	0.979798	0.979798	0.979798	0.979798	0.979798	0.979798	0.979798	0.979798	0.979798	0.979798	0.979798	0.979798	0.979798	0.979798	0.979798	0.979798	0.979798	0.979798	0.979798	0.979798	0.979798	0.979798	
0.979798	0.979798	0.979798	0.979798	0.979798	0.979798	0.979798	0.979798	0.979798	0.979798	0.979798	0.979798	0.979798	0.979798	0.979798	0.979798	0.979798	0.979798	0.979798	0.979798	0.979798	0.979798	0.979798	0.979798	0.979798	0.979798	0.979798	0.979798	0.979798	0.979798	0.979798	0.979798	0.979798	
0.979798	0.979798	0.979798	0.979798	0.979798	0.979798	0.979798	0.979798	0.979798	0.979798	0.979798	0.979798	0.979798	0.979798	0.979798	0.979798	0.979798	0.979798	0.979798	0.979798	0.979798	0.979798	0.979798	0.979798	0.979798	0.979798	0.979798	0.979798	0.979798	0.979798	0.979798	0.979798	0.979798	0.979798	
0.979798	0.979798	0.979798	0.979798	0.979798	0.979798	0.979798	0.979798	0.979798	0.979798	0.979798	0.979798	0.979798	0.979798	0.979798	0.979798	0.979798	0.979798	0.979798	0.979798	0.979798	0.979798	0.979798	0.979798	0.979798	0.979798	0.979798	0.979798	0.979798	0.979798	0.979798	0.979798	0.979798	0.979798	0.979798	
0.979798	0.979798	0.979798	0.979798	0.979798	0.979798	0.979798	0.979798	0.979798	0.979798	0.979798	0.979798	0.979798	0.979798	0.979798	0.979798	0.979798	0.979798	0.979798	0.979798	0.979798	0.979798	0.979798	0.979798	0.979798	0.979798	0.979798	0.979798	0.979798	0.979798	0.979798	0.979798	0.979798	0.979798	0.979798	0.979798	
0.979798	0.979798	0.979798	0.979798	0.979798	0.979798	0.979798	0.979798	0.979798	0.979798	0.979798	0.979798	0.979798	0.979798	0.979798	0.979798	0.979798	0.979798	0.979798	0.979798	0.979798	0.979798	0.979798	0.979798	0.979798	0.979798	0.979798	0.979798	0.979798	0.979798	0.979798	0.979798	0.979798	0.979798	0.979798	0.979798	0.979798	
0.979798	0.979798	0.979798	0.979798	0.979798	0.979798	0.979798	0.979798	0.979798	0.979798	0.979798	0.979798	0.979798	0.979798	0.979798	0.979798	0.979798	0.979798	0.979798	0.979798	0.979798	0.979798	0.979798	0.979798	0.979798	0.979798	0.979798	0.979798	0.979798	0.979798	0.979798	0.979798	0.979798	0.979798	0.979798	0.979798	0.979798	0.979798	
0.979798	0.979798	0.979798	0.979798	0.979798	0.979798	0.979798	0.979798	0.979798	0.979798	0.979798	0.979798	0.979798	0.979798	0.979798	0.979798	0.979798	0.979798	0.979798	0.979798	0.979798	0.979798	0.979798	0.979798	0.979798	0.979798	0.979798	0.979798	0.979798	0.979798	0.979798	0.979798	0.979798	0.979798	0.979798	0.979798	0.979798	0.979798	0.979798	
0.979798	0.979798	0.979798	0.979798	0.979798	0.979798	0.979798	0.979798	0.979798	0.979798	0.979798	0.979798	0.979798	0.979798	0.979798	0.979798	0.979798	0.979798	0.979798	0.979798	0.979798	0.979798	0.979798	0.979798	0.979798	0.979798	0.979798	0.979798	0.979798	0.979798	0.979798	0.979798	0.979798	0.979798	0.979798	0.979798	0.979798	0.979798	0.979798	0.979798	
0.979798	0.979798	0.979798	0.979798	0.979798	0.979798	0.979798	0.979798	0.979798	0.979798	0.979798	0.979798	0.979798	0.979798	0.979798	0.979798	0.979798	0.979798	0.979798	0.979798	0.979798	0.979798	0.979798	0.979798	0.979798	0.979798	0.979798	0.979798	0.979798	0.979798	0.979798	0.979798	0.979798	0.979798	0.979798	0.979798	0.979798	0.979798	0.979798	0.979798	0.979798	
0.979798	0.979798	0.979798	0.979798	0.979798	0.979798	0.979798	0.979798	0.979798	0.979798	0.979798	0.979798	0.979798	0.979798	0.979798	0.979798	0.979798	0.979798	0.979798	0.979798	0.979798	0.979798	0.979798	0.979798	0.979798	0.979798	0.979798	0.979798	0.979798	0.979798	0.979798	0.979798	0.979798	0.979798	0.979798	0.979798	0.979798	0.979798	0.979798	0.979798	0.979798	0.979798	
0.979798	0.979798	0.979798	0.979798	0.979798	0.979798	0.979798	0.979798	0.979798	0.979798	0.979798	0.979798	0.979798	0.979798	0.979798	0.979798	0.979798	0.979798	0.979798	0.979798	0.979798	0.979798	0.979798	0.979798	0.979798	0.979798	0.979798	0.979798	0.979798	0.979798	0.979798	0.979798	0.979798	0.979798	0.979798	0.979798	0.979798	0.979798	0.979798	0.979798	0.979798	0.979798	0.979798	
0.979798	0.979798	0.979798	0.979798	0.979798	0.979798	0.979798	0.979798	0.979798	0.979798	0.979798	0.979798	0.979798	0.979798	0.979798	0.979798	0.979798	0.979798	0.979798	0.979798	0.979798	0.979798	0.979798	0.979798	0.979798	0.979798	0.979798	0.979798	0.979798	0.979798	0.979798	0.979798	0.979798	0.979798	0.979798	0.979798	0.979798	0.979798	0.979798	0.979798	0.979798	0.979798	0.979798	0.979798	
0.979798	0.979798	0.979798	0.979798	0.979798	0.979798	0.979798	0.979798	0.979798	0.979798	0.979798	0.979798	0.979798	0.979798	0.979798	0.979798	0.979798	0.979798	0.979798	0.979798	0.979798	0.979798	0.979798	0.979798	0.979798	0.979798	0.979798	0.979798	0.979798	0.979798	0.979798	0.979798	0.979798	0.979798	0.979798	0.979798	0.979798	0.979798	0.979798	0.979798	0.979798	0.979798	0.979798	0.979798	0.979798	
0.979798	0.979798	0.979798	0.979798	0.979798	0.979798	0.979798	0.979798	0.979798	0.979798	0.979798	0.979798	0.979798	0.979798	0.979798	0.979798	0.979798	0.979798	0.979798	0.979798	0.979798	0.979798	0.979798	0.979798	0.979798	0.979798	0.979798	0.979798	0.979798	0.979798	0.979798	0.979798	0.979798	0.979798	0.979798	0.979798	0.979798	0.979798	0.979798	0.979798	0.979798	0.979798	0.979798	0.979798	0.979798	0.979798	
0.979798	0.979798	0.979798	0.979798	0.979798	0.979798	0.979798	0.979798	0.979798	0.979798	0.979798	0.979798	0.979798	0.979798	0.979798	0.979798	0.979798	0.979798	0.979798	0.979798	0.979798	0.979798	0.979798	0.979798	0.979798	0.979798	0.979798	0.979798	0.979798	0.979798	0.979798	0.979798	0.979798	0.979798	0.979798	0.979798	0.979798	0.979798	0.979798	0.979798	0.979798	0.979798	0.979798	0.979798	0.979798	0.979798	0.979798	
0.979798	0.979798	0.979798	0.979798	0.979798	0.979798	0.979798	0.979798	0.979798	0.979798	0.979798	0.979798	0.979798	0.979798	0.979798	0.979798	0.979798	0.979798	0.979798	0.979798	0.979798	0.979798	0.979798	0.979798	0.979798	0.979798	0.979798	0.979798	0.979798	0.979798	0.979798	0.979798	0.979798	0.979798	0.979798	0.979798	0.979798	0.979798	0.979798	0.979798	0.979798	0.979798	0.979798	0.979798	0.979798	0.979798	0.979798	0.979798	
0.979798	0.979798	0.979798	0.979798	0.979798	0.979798	0.979798	0.979798	0.979798	0.979798	0.979798	0.979798	0.979798	0.979798	0.979798	0.979798	0.979798	0.979798	0.979798	0.979798	0.979798	0.979798	0.979798	0.979798	0.979798	0.979798	0.979798	0.979798	0.979798	0.979798	0.979798	0.979798	0.979798	0.979798	0.979798	0.979798	0.979798	0.979798	0.979798	0.979798	0.979798	0.979798	0.979798	0.979798	0.979798	0.979798	0.979798	0.979798	0.979798	
0.979798	0.979798	0.979798	0.979798	0.979798	0.979798	0.979798	0.979798	0.979798	0.979798	0.979798	0.979798	0.979798	0.979798	0.979798	0.979798	0.979798	0.979798	0.979798	0.979798	0.979798	0.979798	0.979798	0.979798	0.979798	0.979798	0.979798	0.979798	0.979798	0.979798	0.979798	0.979798	0.979798	0.979798	0.979798	0.979798	0.979798	0.979798	0.979798	0.979798	0.979798	0.979798	0.979798	0.979798	0.979798	0.979798	0.979798	0.979798	0.979798	0.979798	
0.979798	0.979798	0.979798	0.979798	0.979798	0.979798	0.979798	0.979798	0.979798	0.979798	0.979798	0.979798	0.979798	0.979798	0.979798	0.979798	0.979798	0.979798	0.979798	0.979798	0.979798	0.979798	0.979798	0.979798	0.979798	0.979798	0.979798	0.979798	0.979798	0.979798	0.979798	0.979798	0.979798	0.979798	0.979798	0.979798	0.979798	0.979798	0.979798	0.979798	0.979798	0.979798	0.979798	0.979798	0.979798	0.979798	0.979798	0.979798	0.979798	0.979798	0.979798	
0.979798	0.979798	0.979798	0.979798	0.979798	0.979798	0.979798	0.979798	0.979798	0.979798	0.979798	0.979798	0.979798	0.979798	0.979798	0.979798	0.979798	0.979798	0.979798	0.979798	0.979798	0.979798	0.979798	0.979798	0.979798	0.979798	0.979798	0.979798	0.979798	0.979798	0.979798	0.979798	0.979798	0.979798	0.979798	0.979798	0.979798	0.979798	0.979798	0.979798	0.979798	0.979798	0.979798	0.979798	0.979798	0.979798	0.979798	0.979798	0.979798	0.979798	0.979798	0.979798	
0.979798	0.979798	0.979798	0.979798	0.979798	0.979798	0.979798	0.979798	0.979798	0.979798	0.979798	0.979798	0.979798	0.979798	0.979798	0.979798	0.979798	0.979798	0.979798	0.979798	0.979798	0.979798	0.979798	0.979798	0.979798	0.979798	0.979798	0.979798	0.979798	0.979798	0.979798	0.979798	0.979798	0.979798	0.979798	0.979798	0.979798	0.979798	0.979798	0.979798	0.979798	0.979798	0.979798	0.979798	0.979798	0.979798	0.979798	0.979798	0.979798	0.979798	0.979798	0.979798	0.979798	
0.979798	0.979798	0.979798	0.979798	0.979798	0.979798	0.979798	0.979798	0.979798	0.979798	0.979798	0.979798	0.979798	0.979798	0.979798	0.979798	0.979798	0.979798	0.979798	0.979798	0.979798	0.979798	0.979798	0.979798	0.979798	0.979798	0.979798	0.979798	0.979798	0.979798	0.979798	0.979798	0.979798	0.979798	0.979798	0.979798	0.979798	0.979798	0.979798	0.979798	0.979798	0.979798	0.979798	0.979798	0.979798	0.979798	0.979798	0.979798	0.979798	0.979798	0.979798	0.979798	0.979798	0.979798	
0.979798	0.979798	0.979798	0.979798	0.979798	0.979798	0.979798	0.979798	0.979798	0.979798	0.979798	0.979798	0.979798	0.979798	0.979798	0.979798	0.979798	0.979798	0.979798	0.979798	0.979798	0.979798	0.979798	0.979798	0.979798	0.979798	0.979798	0.979798	0.979798	0.979798	0.979798	0.979798	0.979798	0.979798	0.979798	0.979798	0.979798	0.979798	0.979798	0.979798	0.979798	0.979798	0.979798	0.979798	0.979798	0.979798	0.979798	0.979798	0.979798	0.979798	0.979798	0.979798	0.979798	0.979798	0.979798	
0.979798	0.979798	0.979798	0.979798	0.979798	0.979798	0.979798	0.979798	0.979798	0.979798	0.979798	0.979798	0.979798	0.979798	0.979798	0.979798	0.979798	0.979798	0.979798	0.979798	0.979798	0.979798	0.979798	0.979798	0.979798	0.979798	0.979798	0.979798	0.979798	0.979798	0.979798	0.979798	0.979798	0.979798	0.979798	0.979798	0.979798	0.979798	0.979798	0.979798	0.979798	0.979798	0.979798	0.979798	0.979798	0.979798	0.979798	0.979798	0.979798	0.979798	0.979798	0.979798	0.979798	0.979798	0.979798	0.979798	
0.979798	0.979798	0.979798	0.979798	0.979798	0.979798	0.979798	0.979798	0.979798	0.979798	0.979798	0.979798	0.979798	0.979798	0.979798	0.979798	0.979798	0.979798	0.979798	0.979798	0.979798	0.979798	0.979798	0.979798	0.979798	0.979798	0.979798	0.979798	0.979798	0.979798	0.979798	0.979798	0.979798	0.979798	0.979798	0.979798	0.979798	0.979798	0.979798	0.979798	0.979798	0.979798	0.979798	0.979798	0.979798	0.979798	0.979798	0.979798	0.979798	0.979798	0.979798	0.979798	0.979798	0.979798	0.979798	0.979798	0.979798	
0.979798	0.979798	0.979798	0.979798	0.979798	0.979798	0.979798	0.979798	0.979798	0.979798	0.979798	0.979798	0.979798	0.979798	0.979798	0.979798	0.979798	0.979798	0.979798	0.979798	0.979798	0.979798	0.979798	0.979798	0.979798	0.979798	0.979798	0.979798	0.979798	0.979798	0.979798	0.979798	0.979798	0.979798	0.979798	0.979798	0.979798	0.979798	0.979798	0.979798	0.979798	0.979798	0.979798	0.979798	0.979798	0.979798	0.979798	0.979798	0.979798	0.979798	0.979798	0.979798	0.979798	0.979798	0.979798	0.979798	0.979798	0.979798	
0.979798	0.979798	0.979798	0.979798	0.979798	0.979798	0.979798	0.979798	0.979798	0.979798	0.979798	0.979798	0.979798	0.979798	0.979798	0.979798	0.979798	0.979798	0.979798	0.979798	0.979798	0.979798	0.979798	0.979798	0.979798	0.979798	0.979798	0.979798	0.979798	0.979798	0.979798	0.979798	0.979798	0.979798	0.979798	0.979798	0.979798	0.979798	0.979798	0.979798	0.979798	0.979798	0.979798	0.979798	0.979798	0.979798	0.979798	0.979798	0.979798	0.979798	0.979798	0.979798	0.979798	0.979798	0.979798	0.979798	0.979798	0.979798	0.979798	
0.979798	0.979798	0.979798	0.979798	0.979798	0.979798	0.979798	0.979798	0.979798	0.979798	0.979798	0.979798	0.979798	0.979798	0.979798	0.979798	0.979798	0.979798	0.979798	0.979798	0.979798	0.979798	0.979798	0.979798	0.979798	0.979798	0.979798	0.979798	0.979798	0.979798	0.979798	0.979798	0.979798	0.979798	0.979798	0.979798	0.979798	0.979798	0.979798	0.979798	0.979798	0.979798	0.979798	0.979798	0.979798	0.979798	0.979798	0.979798	0.979798	0.979798	0.979798	0.979798	0.979798	0.979798	0.979798	0.979798	0.979798	0.979798	0.979798	0.979798	
0.979798	0.979798	0.979798	0.979798	0.979798	0.979798	0.979798	0.979798	0.979798	0.979798	0.979798	0.979798	0.979798	0.979798	0.979798	0.979798	0.979798	0.979798	0.979798	0.979798	0.979798	0.979798	0.979798	0.979798	0.979798	0.979798	0.979798	0.979798	0.979798	0.979798	0.979798	0.979798	0.979798	0.979798	0.979798	0.979798	0.979798	0.979798	0.979798	0.979798	0.979798	0.979798	0.979798	0.979798	0.979798	0.979798	0.979798	0.979798	0.979798	0.979798	0.979798	0.979798	0.979798	0.979798	0.979798	0.979798	0.979798	0.979798	0.979798	0.979798	0.979798	0.979798	0.979798	0.976431	
0.979798	0.979798	0.979798	0.979798	0.979798	0.979798	0.979798	0.979798	0.979798	0.979798	0.979798	0.979798	0.979798	0.979798	0.979798	0.979798	0.979798	0.979798	0.979798	0.979798	0.979798	0.979798	0.979798	0.979798	0.979798	0.979798	0.979798	0.979798	0.979798	0.979798	0.979798	0.979798	0.979798	0.979798	0.979798	0.979798	0.979798	0.979798	0.979798	0.979798	0.979798	0.979798	0.979798	0.979798	0.979798	0.979798	0.979798	0.979798	0.979798	0.979798	0.979798	0.979798	0.979798	0.979798	0.979798	0.979798	0.979798	0.979798	0.979798	0.979798	0.979798	0.979798	0.979798	0.979798	0.979798	0.979798	0.976431	0.976431	
0.979798	0.979798	0.979798	0.979798	0.979798	0.979798	0.979798	0.979798	0.979798	0.979798	0.979798	0.979798	0.979798	0.979798	0.979798	0.979798	0.979798	0.979798	0.979798	0.979798	0.979798	0.979798	0.979798	0.979798	0.979798	0.979798	0.979798	0.979798	0.979798	0.979798	0.979798	0.979798	0.979798	0.979798	0.979798	0.979798	0.979798	0.979798	0.979798	0.979798	0.979798	0.979798	0.979798	0.979798	0.979798	0.979798	0.979798	0.979798	0.979798	0.979798	0.979798	0.979798	0.979798	0.979798	0.979798	0.979798	0.979798	0.979798	0.979798	0.979798	0.979798	0.979798	0.979798	0.979798	0.979798	0.979798	0.979798	0.979798	0.979798	0.976431	0.976431	0.976431	
0.979798	0.979798	0.979798	0.979798	0.979798	0.979798	0.979798	0.979798	0.979798	0.979798	0.979798	0.979798	0.979798	0.979798	0.979798	0.979798	0.979798	0.979798	0.979798	0.979798	0.979798	0.979798	0.979798	0.979798	0.979798	0.979798	0.979798	0.979798	0.979798	0.979798	0.979798	0.979798	0.979798	0.979798	0.979798	0.979798	0.979798	0.979798	0.979798	0.979798	0.979798	0.979798	0.979798	0.979798	0.979798	0.979798	0.979798	0.979798	0.979798	0.979798	0.979798	0.979798	0.979798	0.979798	0.979798	0.979798	0.979798	0.979798	0.979798	0.979798	0.979798	0.979798	0.979798	0.979798	0.979798	0.979798	0.979798	0.979798	0.979798	0.979798	0.979798	0.979798	0.976431	0.976431	0.976431	0.976431	
0.979798	0.979798	0.979798	0.979798	0.979798	0.979798	0.979798	0.979798	0.979798	0.979798	0.979798	0.979798	0.979798	0.979798	0.979798	0.979798	0.979798	0.979798	0.979798	0.979798	0.979798	0.979798	0.979798	0.979798	0.979798	0.979798	0.979798	0.979798	0.979798	0.979798	0.979798	0.979798	0.979798	0.979798	0.979798	0.979798	0.979798	0.979798	0.979798	0.979798	0.979798	0.979798	0.979798	0.979798	0.979798	0.979798	0.979798	0.979798	0.979798	0.979798	0.979798	0.979798	0.979798	0.979798	0.979798	0.979798	0.979798	0.979798	0.979798	0.979798	0.979798	0.979798	0.979798	0.979798	0.979798	0.979798	0.979798	0.979798	0.979798	0.979798	0.979798	0.979798	0.979798	0.979798	0.979798	0.976431	0.976431	0.976431	0.976431	0.976431	
0.979798	0.979798	0.979798	0.979798	0.979798	0.979798	0.979798	0.979798	0.979798	0.979798	0.979798	0.979798	0.979798	0.979798	0.979798	0.979798	0.979798	0.979798	0.979798	0.979798	0.979798	0.979798	0.979798	0.979798	0.979798	0.979798	0.979798	0.979798	0.979798	0.979798	0.979798	0.979798	0.979798	0.979798	0.979798	0.979798	0.979798	0.979798	0.979798	0.979798	0.979798	0.979798	0.979798	0.979798	0.979798	0.979798	0.979798	0.979798	0.979798	0.979798	0.979798	0.979798	0.979798	0.979798	0.979798	0.979798	0.979798	0.979798	0.979798	0.979798	0.979798	0.979798	0.979798	0.979798	0.979798	0.979798	0.979798	0.979798	0.979798	0.979798	0.979798	0.979798	0.979798	0.979798	0.979798	0.979798	0.979798	0.979798	0.976431	0.976431	0.976431	0.976431	0.976431	0.976431	
0.979798	0.979798	0.979798	0.979798	0.979798	0.979798	0.979798	0.979798	0.979798	0.979798	0.979798	0.979798	0.979798	0.979798	0.979798	0.979798	0.979798	0.979798	0.979798	0.979798	0.979798	0.979798	0.979798	0.979798	0.979798	0.979798	0.979798	0.979798	0.979798	0.979798	0.979798	0.979798	0.979798	0.979798	0.979798	0.979798	0.979798	0.979798	0.979798	0.979798	0.979798	0.979798	0.979798	0.979798	0.979798	0.979798	0.979798	0.979798	0.979798	0.979798	0.979798	0.979798	0.979798	0.979798	0.979798	0.979798	0.979798	0.979798	0.979798	0.979798	0.979798	0.979798	0.979798	0.979798	0.979798	0.979798	0.979798	0.979798	0.979798	0.979798	0.979798	0.979798	0.979798	0.979798	0.979798	0.979798	0.979798	0.979798	0.979798	0.979798	0.979798	0.976431	0.976431	0.976431	0.976431	0.976431	0.976431	0.976431	
0.979798	0.979798	0.979798	0.979798	0.979798	0.979798	0.979798	0.979798	0.979798	0.979798	0.979798	0.979798	0.979798	0.979798	0.979798	0.979798	0.979798	0.979798	0.979798	0.979798	0.979798	0.979798	0.979798	0.979798	0.979798	0.979798	0.979798	0.979798	0.979798	0.979798	0.979798	0.979798	0.979798	0.979798	0.979798	0.979798	0.979798	0.979798	0.979798	0.979798	0.979798	0.979798	0.979798	0.979798	0.979798	0.979798	0.979798	0.979798	0.979798	0.979798	0.979798	0.979798	0.979798	0.979798	0.979798	0.979798	0.979798	0.979798	0.979798	0.979798	0.979798	0.979798	0.979798	0.979798	0.979798	0.979798	0.979798	0.979798	0.979798	0.979798	0.979798	0.979798	0.979798	0.979798	0.979798	0.979798	0.979798	0.979798	0.979798	0.979798	0.979798	0.979798	0.979798	0.979798	0.976431	0.976431	0.976431	0.976431	0.976431	0.976431	0.976431	0.976431	
0.979798	0.979798	0.979798	0.979798	0.979798	0.979798	0.979798	0.979798	0.979798	0.979798	0.979798	0.979798	0.979798	0.979798	0.979798	0.979798	0.979798	0.979798	0.979798	0.979798	0.979798	0.979798	0.979798	0.979798	0.979798	0.979798	0.979798	0.979798	0.979798	0.979798	0.979798	0.979798	0.979798	0.979798	0.979798	0.979798	0.979798	0.979798	0.979798	0.979798	0.979798	0.979798	0.979798	0.979798	0.979798	0.979798	0.979798	0.979798	0.979798	0.979798	0.979798	0.979798	0.979798	0.979798	0.979798	0.979798	0.979798	0.979798	0.979798	0.979798	0.979798	0.979798	0.979798	0.979798	0.979798	0.979798	0.979798	0.979798	0.979798	0.979798	0.979798	0.979798	0.979798	0.979798	0.979798	0.979798	0.979798	0.979798	0.979798	0.979798	0.979798	0.979798	0.979798	0.979798	0.979798	0.979798	0.979798	0.976431	0.976431	0.976431	0.976431	0.976431	0.976431	0.976431	0.976431	0.976431	
0.979798	0.979798	0.979798	0.979798	0.979798	0.979798	0.979798	0.979798	0.979798	0.979798	0.979798	0.979798	0.979798	0.979798	0.979798	0.979798	0.979798	0.979798	0.979798	0.979798	0.979798	0.979798	0.979798	0.979798	0.979798	0.979798	0.979798	0.979798	0.979798	0.979798	0.979798	0.979798	0.979798	0.979798	0.979798	0.979798	0.979798	0.979798	0.979798	0.979798	0.979798	0.979798	0.979798	0.979798	0.979798	0.979798	0.979798	0.979798	0.979798	0.979798	0.979798	0.979798	0.979798	0.979798	0.979798	0.979798	0.979798	0.979798	0.979798	0.979798	0.979798	0.979798	0.979798	0.979798	0.979798	0.979798	0.979798	0.979798	0.979798	0.979798	0.979798	0.979798	0.979798	0.979798	0.979798	0.979798	0.979798	0.979798	0.979798	0.979798	0.979798	0.979798	0.979798	0.979798	0.979798	0.979798	0.979798	0.979798	0.979798	0.979798	0.976431	0.976431	0.976431	0.976431	0.976431	0.976431	0.976431	0.976431	0.976431	0.976431	
0.979798	0.979798	0.979798	0.979798	0.979798	0.979798	0.979798	0.979798	0.979798	0.979798	0.979798	0.979798	0.979798	0.979798	0.979798	0.979798	0.979798	0.979798	0.979798	0.979798	0.979798	0.979798	0.979798	0.979798	0.979798	0.979798	0.979798	0.979798	0.979798	0.979798	0.979798	0.979798	0.979798	0.979798	0.979798	0.979798	0.979798	0.979798	0.979798	0.979798	0.979798	0.979798	0.979798	0.979798	0.979798	0.979798	0.979798	0.979798	0.979798	0.979798	0.979798	0.979798	0.979798	0.979798	0.979798	0.979798	0.979798	0.979798	0.979798	0.979798	0.979798	0.979798	0.979798	0.979798	0.979798	0.979798	0.979798	0.979798	0.979798	0.979798	0.979798	0.979798	0.979798	0.979798	0.979798	0.979798	0.979798	0.979798	0.979798	0.979798	0.979798	0.979798	0.979798	0.979798	0.979798	0.979798	0.979798	0.979798	0.979798	0.979798	0.979798	0.979798	0.979798	0.976431	0.976431	0.976431	0.976431	0.976431	0.976431	0.976431	0.976431	0.976431	0.976431	0.976431	
0.979798	0.979798	0.979798	0.979798	0.979798	0.979798	0.979798	0.979798	0.979798	0.979798	0.979798	0.979798	0.979798	0.979798	0.979798	0.979798	0.979798	0.979798	0.979798	0.979798	0.979798	0.979798	0.979798	0.979798	0.979798	0.979798	0.979798	0.979798	0.979798	0.979798	0.979798	0.979798	0.979798	0.979798	0.979798	0.979798	0.979798	0.979798	0.979798	0.979798	0.979798	0.979798	0.979798	0.979798	0.979798	0.979798	0.979798	0.979798	0.979798	0.979798	0.979798	0.979798	0.979798	0.979798	0.979798	0.979798	0.979798	0.979798	0.979798	0.979798	0.979798	0.979798	0.979798	0.979798	0.979798	0.979798	0.979798	0.979798	0.979798	0.979798	0.979798	0.979798	0.979798	0.979798	0.979798	0.979798	0.979798	0.979798	0.979798	0.979798	0.979798	0.979798	0.979798	0.979798	0.979798	0.979798	0.979798	0.979798	0.979798	0.979798	0.979798	0.979798	0.979798	0.979798	0.979798	0.979798	0.976431	0.976431	0.976431	0.976431	0.976431	0.976431	0.976431	0.976431	0.976431	0.976431	0.976431	0.976431	
0.979798	0.979798	0.979798	0.979798	0.979798	0.979798	0.979798	0.979798	0.979798	0.979798	0.979798	0.979798	0.979798	0.979798	0.979798	0.979798	0.979798	0.979798	0.979798	0.979798	0.979798	0.979798	0.979798	0.979798	0.979798	0.979798	0.979798	0.979798	0.979798	0.979798	0.979798	0.979798	0.979798	0.979798	0.979798	0.979798	0.979798	0.979798	0.979798	0.979798	0.979798	0.979798	0.979798	0.979798	0.979798	0.979798	0.979798	0.979798	0.979798	0.979798	0.979798	0.979798	0.979798	0.979798	0.979798	0.979798	0.979798	0.979798	0.979798	0.979798	0.979798	0.979798	0.979798	0.979798	0.979798	0.979798	0.979798	0.979798	0.979798	0.979798	0.979798	0.979798	0.979798	0.979798	0.979798	0.979798	0.979798	0.979798	0.979798	0.979798	0.979798	0.979798	0.979798	0.979798	0.979798	0.979798	0.979798	0.979798	0.979798	0.979798	0.979798	0.979798	0.979798	0.979798	0.979798	0.979798	0.979798	0.979798	0.979798	0.976431	0.976431	0.976431	0.976431	0.976431	0.976431	0.976431	0.976431	0.976431	0.976431	0.976431	0.976431	
0.979798	0.979798	0.979798	0.979798	0.979798	0.979798	0.979798	0.979798	0.979798	0.979798	0.979798	0.979798	0.979798	0.979798	0.979798	0.979798	0.979798	0.979798	0.979798	0.979798	0.979798	0.979798	0.979798	0.979798	0.979798	0.979798	0.979798	0.979798	0.979798	0.979798	0.979798	0.979798	0.979798	0.979798	0.979798	0.979798	0.979798	0.979798	0.979798	0.979798	0.979798	0.979798	0.979798	0.979798	0.979798	0.979798	0.979798	0.979798	0.979798	0.979798	0.979798	0.979798	0.979798	0.979798	0.979798	0.979798	0.979798	0.979798	0.979798	0.979798	0.979798	0.979798	0.979798	0.979798	0.979798	0.979798	0.979798	0.979798	0.979798	0.979798	0.979798	0.979798	0.979798	0.979798	0.979798	0.979798	0.979798	0.979798	0.979798	0.979798	0.979798	0.979798	0.979798	0.979798	0.979798	0.979798	0.979798	0.979798	0.979798	0.979798	0.979798	0.979798	0.979798	0.979798	0.979798	0.979798	0.979798	0.979798	0.979798	0.979798	0.979798	0.979798	0.976431	0.976431	0.976431	0.976431	0.976431	0.976431	0.976431	0.976431	0.976431	0.976431	0.976431	0.976431	
0.979798	0.979798	0.979798	0.979798	0.979798	0.979798	0.979798	0.979798	0.979798	0.979798	0.979798	0.979798	0.979798	0.979798	0.979798	0.979798	0.979798	0.979798	0.979798	0.979798	0.979798	0.979798	0.979798	0.979798	0.979798	0.979798	0.979798	0.979798	0.979798	0.979798	0.979798	0.979798	0.979798	0.979798	0.979798	0.979798	0.979798	0.979798	0.979798	0.979798	0.979798	0.979798	0.979798	0.979798	0.979798	0.979798	0.979798	0.979798	0.979798	0.979798	0.979798	0.979798	0.979798	0.979798	0.979798	0.979798	0.979798	0.979798	0.979798	0.979798	0.979798	0.979798	0.979798	0.979798	0.979798	0.979798	0.979798	0.979798	0.979798	0.979798	0.979798	0.979798	0.979798	0.979798	0.979798	0.979798	0.979798	0.979798	0.979798	0.979798	0.979798	0.979798	0.979798	0.979798	0.979798	0.979798	0.979798	0.979798	0.979798	0.979798	0.979798	0.979798	0.979798	0.979798	0.979798	0.979798	0.979798	0.979798	0.979798	0.979798	0.979798	0.979798	0.979798	0.979798	0.979798	0.976431	0.976431	0.976431	0.976431	0.976431	0.976431	0.976431	0.976431	0.976431	0.976431	0.976431	0.976431	
0.979798	0.979798	0.979798	0.979798	0.979798	0.979798	0.979798	0.979798	0.979798	0.979798	0.979798	0.979798	0.979798	0.979798	0.979798	0.979798	0.979798	0.979798	0.979798	0.979798	0.979798	0.979798	0.979798	0.979798	0.979798	0.979798	0.979798	0.979798	0.979798	0.979798	0.979798	0.979798	0.979798	0.979798	0.979798	0.979798	0.979798	0.979798	0.979798	0.979798	0.979798	0.979798	0.979798	0.979798	0.979798	0.979798	0.979798	0.979798	0.979798	0.979798	0.979798	0.979798	0.979798	0.979798	0.979798	0.979798	0.979798	0.979798	0.979798	0.979798	0.979798	0.979798	0.979798	0.979798	0.979798	0.979798	0.979798	0.979798	0.979798	0.979798	0.979798	0.979798	0.979798	0.979798	0.979798	0.979798	0.979798	0.979798	0.979798	0.979798	0.979798	0.979798	0.979798	0.979798	0.979798	0.979798	0.979798	0.979798	0.979798	0.979798	0.979798	0.979798	0.979798	0.979798	0.979798	0.979798	0.979798	0.979798	0.979798	0.979798	0.979798	0.979798	0.979798	0.979798	0.979798	0.979798	0.979798	0.979798	0.976431	0.976431	0.976431	0.976431	0.976431	0.976431	0.976431	0.976431	0.976431	0.976431	0.976431	0.976431	
0.979798	0.979798	0.979798	0.979798	0.979798	0.979798	0.979798	0.979798	0.979798	0.979798	0.979798	0.979798	0.979798	0.979798	0.979798	0.979798	0.979798	0.979798	0.979798	0.979798	0.979798	0.979798	0.979798	0.979798	0.979798	0.979798	0.979798	0.979798	0.979798	0.979798	0.979798	0.979798	0.979798	0.979798	0.979798	0.979798	0.979798	0.979798	0.979798	0.979798	0.979798	0.979798	0.979798	0.979798	0.979798	0.979798	0.979798	0.979798	0.979798	0.979798	0.979798	0.979798	0.979798	0.979798	0.979798	0.979798	0.979798	0.979798	0.979798	0.979798	0.979798	0.979798	0.979798	0.979798	0.979798	0.979798	0.979798	0.979798	0.979798	0.979798	0.979798	0.979798	0.979798	0.979798	0.979798	0.979798	0.979798	0.979798	0.979798	0.979798	0.979798	0.979798	0.979798	0.979798	0.979798	0.979798	0.979798	0.979798	0.979798	0.979798	0.979798	0.979798	0.979798	0.979798	0.979798	0.979798	0.979798	0.979798	0.979798	0.979798	0.979798	0.979798	0.979798	0.979798	0.979798	0.979798	0.979798	0.979798	0.979798	0.979798	0.979798	0.976431	0.976431	0.976431	0.976431	0.976431	0.976431	0.976431	0.976431	0.976431	0.976431	0.976431	0.976431	
0.979798	0.979798	0.979798	0.979798	0.979798	0.979798	0.979798	0.979798	0.979798	0.979798	0.979798	0.979798	0.979798	0.979798	0.979798	0.979798	0.979798	0.979798	0.979798	0.979798	0.979798	0.979798	0.979798	0.979798	0.979798	0.979798	0.979798	0.979798	0.979798	0.979798	0.979798	0.979798	0.979798	0.979798	0.979798	0.979798	0.979798	0.979798	0.979798	0.979798	0.979798	0.979798	0.979798	0.979798	0.979798	0.979798	0.979798	0.979798	0.979798	0.979798	0.979798	0.979798	0.979798	0.979798	0.979798	0.979798	0.979798	0.979798	0.979798	0.979798	0.979798	0.979798	0.979798	0.979798	0.979798	0.979798	0.979798	0.979798	0.979798	0.979798	0.979798	0.979798	0.979798	0.979798	0.979798	0.979798	0.979798	0.979798	0.979798	0.979798	0.979798	0.979798	0.979798	0.979798	0.979798	0.979798	0.979798	0.979798	0.979798	0.979798	0.979798	0.979798	0.979798	0.979798	0.979798	0.979798	0.979798	0.979798	0.979798	0.979798	0.979798	0.979798	0.979798	0.979798	0.979798	0.979798	0.979798	0.979798	0.979798	0.979798	0.979798	0.979798	0.979798	0.979798	0.976431	0.976431	0.976431	0.976431	0.976431	0.976431	0.976431	0.976431	0.976431	0.976431	0.976431	0.976431	
0.979798	0.979798	0.979798	0.979798	0.979798	0.979798	0.979798	0.979798	0.979798	0.979798	0.979798	0.979798	0.979798	0.979798	0.979798	0.979798	0.979798	0.979798	0.979798	0.979798	0.979798	0.979798	0.979798	0.979798	0.979798	0.979798	0.979798	0.979798	0.979798	0.979798	0.979798	0.979798	0.979798	0.979798	0.979798	0.979798	0.979798	0.979798	0.979798	0.979798	0.979798	0.979798	0.979798	0.979798	0.979798	0.979798	0.979798	0.979798	0.979798	0.979798	0.979798	0.979798	0.979798	0.979798	0.979798	0.979798	0.979798	0.979798	0.979798	0.979798	0.979798	0.979798	0.979798	0.979798	0.979798	0.979798	0.979798	0.979798	0.979798	0.979798	0.979798	0.979798	0.979798	0.979798	0.979798	0.979798	0.979798	0.979798	0.979798	0.979798	0.979798	0.979798	0.979798	0.979798	0.979798	0.979798	0.979798	0.979798	0.979798	0.979798	0.979798	0.979798	0.979798	0.979798	0.979798	0.979798	0.979798	0.979798	0.979798	0.979798	0.979798	0.979798	0.979798	0.979798	0.979798	0.979798	0.979798	0.979798	0.979798	0.979798	0.979798	0.979798	0.979798	0.979798	0.979798	0.979798	0.979798	0.976431	0.976431	0.976431	0.976431	0.976431	0.976431	0.976431	0.976431	0.976431	0.976431	0.976431	0.976431	
0.979798	0.979798	0.979798	0.979798	0.979798	0.979798	0.979798	0.979798	0.979798	0.979798	0.979798	0.979798	0.979798	0.979798	0.979798	0.979798	0.979798	0.979798	0.979798	0.979798	0.979798	0.979798	0.979798	0.979798	0.979798	0.979798	0.979798	0.979798	0.979798	0.979798	0.979798	0.979798	0.979798	0.979798	0.979798	0.979798	0.979798	0.979798	0.979798	0.979798	0.979798	0.979798	0.979798	0.979798	0.979798	0.979798	0.979798	0.979798	0.979798	0.979798	0.979798	0.979798	0.979798	0.979798	0.979798	0.979798	0.979798	0.979798	0.979798	0.979798	0.979798	0.979798	0.979798	0.979798	0.979798	0.979798	0.979798	0.979798	0.979798	0.979798	0.979798	0.979798	0.979798	0.979798	0.979798	0.979798	0.979798	0.979798	0.979798	0.979798	0.979798	0.979798	0.979798	0.979798	0.979798	0.979798	0.979798	0.979798	0.979798	0.979798	0.979798	0.979798	0.979798	0.979798	0.979798	0.979798	0.979798	0.979798	0.979798	0.979798	0.979798	0.979798	0.979798	0.979798	0.979798	0.979798	0.979798	0.979798	0.979798	0.979798	0.979798	0.979798	0.979798	0.979798	0.979798	0.979798	0.979798	0.979798	0.979798	0.979798	0.976431	0.976431	0.976431	0.976431	0.976431	0.976431	0.976431	0.976431	0.976431	0.976431	0.976431	0.976431	
0.979798	0.979798	0.979798	0.979798	0.979798	0.979798	0.979798	0.979798	0.979798	0.979798	0.979798	0.979798	0.979798	0.979798	0.979798	0.979798	0.979798	0.979798	0.979798	0.979798	0.979798	0.979798	0.979798	0.979798	0.979798	0.979798	0.979798	0.979798	0.979798	0.979798	0.979798	0.979798	0.979798	0.979798	0.979798	0.979798	0.979798	0.979798	0.979798	0.979798	0.979798	0.979798	0.979798	0.979798	0.979798	0.979798	0.979798	0.979798	0.979798	0.979798	0.979798	0.979798	0.979798	0.979798	0.979798	0.979798	0.979798	0.979798	0.979798	0.979798	0.979798	0.979798	0.979798	0.979798	0.979798	0.979798	0.979798	0.979798	0.979798	0.979798	0.979798	0.979798	0.979798	0.979798	0.979798	0.979798	0.979798	0.979798	0.979798	0.979798	0.979798	0.979798	0.979798	0.979798	0.979798	0.979798	0.979798	0.979798	0.979798	0.979798	0.979798	0.979798	0.979798	0.979798	0.979798	0.979798	0.979798	0.979798	0.979798	0.979798	0.979798	0.979798	0.979798	0.979798	0.979798	0.979798	0.979798	0.979798	0.979798	0.979798	0.979798	0.979798	0.979798	0.979798	0.979798	0.979798	0.979798	0.979798	0.979798	0.979798	0.979798	0.979798	0.979798	0.976431	0.976431	0.976431	0.976431	0.976431	0.976431	0.976431	0.976431	0.976431	0.976431	0.976431	0.976431	
0.979798	0.979798	0.979798	0.979798	0.979798	0.979798	0.979798	0.979798	0.979798	0.979798	0.979798	0.979798	0.979798	0.979798	0.979798	0.979798	0.979798	0.979798	0.979798	0.979798	0.979798	0.979798	0.979798	0.979798	0.979798	0.979798	0.979798	0.979798	0.979798	0.979798	0.979798	0.979798	0.979798	0.979798	0.979798	0.979798	0.979798	0.979798	0.979798	0.979798	0.979798	0.979798	0.979798	0.979798	0.979798	0.979798	0.979798	0.979798	0.979798	0.979798	0.979798	0.979798	0.979798	0.979798	0.979798	0.979798	0.979798	0.979798	0.979798	0.979798	0.979798	0.979798	0.979798	0.979798	0.979798	0.979798	0.979798	0.979798	0.979798	0.979798	0.979798	0.979798	0.979798	0.979798	0.979798	0.979798	0.979798	0.979798	0.979798	0.979798	0.979798	0.979798	0.979798	0.979798	0.979798	0.979798	0.979798	0.979798	0.979798	0.979798	0.979798	0.979798	0.979798	0.979798	0.979798	0.979798	0.979798	0.979798	0.979798	0.979798	0.979798	0.979798	0.979798	0.979798	0.979798	0.979798	0.979798	0.979798	0.979798	0.979798	0.979798	0.979798	0.979798	0.979798	0.979798	0.979798	0.979798	0.979798	0.979798	0.979798	0.979798	0.979798	0.979798	0.979798	0.979798	0.979798	0.976431	0.976431	0.976431	0.976431	0.976431	0.976431	0.976431	0.976431	0.976431	0.976431	0.976431	0.976431	
0.979798	0.979798	0.979798	0.979798	0.979798	0.979798	0.979798	0.979798	0.979798	0.979798	0.979798	0.979798	0.979798	0.979798	0.979798	0.979798	0.979798	0.979798	0.979798	0.979798	0.979798	0.979798	0.979798	0.979798	0.979798	0.979798	0.979798	0.979798	0.979798	0.979798	0.979798	0.979798	0.979798	0.979798	0.979798	0.979798	0.979798	0.979798	0.979798	0.979798	0.979798	0.979798	0.979798	0.979798	0.979798	0.979798	0.979798	0.979798	0.979798	0.979798	0.979798	0.979798	0.979798	0.979798	0.979798	0.979798	0.979798	0.979798	0.979798	0.979798	0.979798	0.979798	0.979798	0.979798	0.979798	0.979798	0.979798	0.979798	0.979798	0.979798	0.979798	0.979798	0.979798	0.979798	0.979798	0.979798	0.979798	0.979798	0.979798	0.979798	0.979798	0.979798	0.979798	0.979798	0.979798	0.979798	0.979798	0.979798	0.979798	0.979798	0.979798	0.979798	0.979798	0.979798	0.979798	0.979798	0.979798	0.979798	0.979798	0.979798	0.979798	0.979798	0.979798	0.979798	0.979798	0.979798	0.979798	0.979798	0.979798	0.979798	0.979798	0.979798	0.979798	0.979798	0.979798	0.979798	0.979798	0.979798	0.979798	0.979798	0.979798	0.979798	0.979798	0.979798	0.979798	0.979798	0.979798	0.979798	0.979798	0.976431	0.976431	0.976431	0.976431	0.976431	0.976431	0.976431	0.976431	0.976431	0.976431	0.976431	0.976431	
0.979798	0.979798	0.979798	0.979798	0.979798	0.979798	0.979798	0.979798	0.979798	0.979798	0.979798	0.979798	0.979798	0.979798	0.979798	0.979798	0.979798	0.979798	0.979798	0.979798	0.979798	0.979798	0.979798	0.979798	0.979798	0.979798	0.979798	0.979798	0.979798	0.979798	0.979798	0.979798	0.979798	0.979798	0.979798	0.979798	0.979798	0.979798	0.979798	0.979798	0.979798	0.979798	0.979798	0.979798	0.979798	0.979798	0.979798	0.979798	0.979798	0.979798	0.979798	0.979798	0.979798	0.979798	0.979798	0.979798	0.979798	0.979798	0.979798	0.979798	0.979798	0.979798	0.979798	0.979798	0.979798	0.979798	0.979798	0.979798	0.979798	0.979798	0.979798	0.979798	0.979798	0.979798	0.979798	0.979798	0.979798	0.979798	0.979798	0.979798	0.979798	0.979798	0.979798	0.979798	0.979798	0.979798	0.979798	0.979798	0.979798	0.979798	0.979798	0.979798	0.979798	0.979798	0.979798	0.979798	0.979798	0.979798	0.979798	0.979798	0.979798	0.979798	0.979798	0.979798	0.979798	0.979798	0.979798	0.979798	0.979798	0.979798	0.979798	0.979798	0.979798	0.979798	0.979798	0.979798	0.979798	0.979798	0.979798	0.979798	0.979798	0.979798	0.979798	0.979798	0.979798	0.979798	0.979798	0.979798	0.979798	0.979798	0.979798	0.979798	0.976431	0.976431	0.976431	0.976431	0.976431	0.976431	0.976431	0.976431	0.976431	0.976431	0.976431	0.976431	
0.979798	0.979798	0.979798	0.979798	0.979798	0.979798	0.979798	0.979798	0.979798	0.979798	0.979798	0.979798	0.979798	0.979798	0.979798	0.979798	0.979798	0.979798	0.979798	0.979798	0.979798	0.979798	0.979798	0.979798	0.979798	0.979798	0.979798	0.979798	0.979798	0.979798	0.979798	0.979798	0.979798	0.979798	0.979798	0.979798	0.979798	0.979798	0.979798	0.979798	0.979798	0.979798	0.979798	0.979798	0.979798	0.979798	0.979798	0.979798	0.979798	0.979798	0.979798	0.979798	0.979798	0.979798	0.979798	0.979798	0.979798	0.979798	0.979798	0.979798	0.979798	0.979798	0.979798	0.979798	0.979798	0.979798	0.979798	0.979798	0.979798	0.979798	0.979798	0.979798	0.979798	0.979798	0.979798	0.979798	0.979798	0.979798	0.979798	0.979798	0.979798	0.979798	0.979798	0.979798	0.979798	0.979798	0.979798	0.979798	0.979798	0.979798	0.979798	0.979798	0.979798	0.979798	0.979798	0.979798	0.979798	0.979798	0.979798	0.979798	0.979798	0.979798	0.979798	0.979798	0.979798	0.979798	0.979798	0.979798	0.979798	0.979798	0.979798	0.979798	0.979798	0.979798	0.979798	0.979798	0.979798	0.979798	0.979798	0.979798	0.979798	0.979798	0.979798	0.979798	0.979798	0.979798	0.979798	0.979798	0.979798	0.979798	0.979798	0.979798	0.979798	0.979798	0.979798	0.976431	0.976431	0.976431	0.976431	0.976431	0.976431	0.976431	0.976431	0.976431	0.976431	0.976431	0.976431	
0.979798	0.979798	0.979798	0.979798	0.979798	0.979798	0.979798	0.979798	0.979798	0.979798	0.979798	0.979798	0.979798	0.979798	0.979798	0.979798	0.979798	0.979798	0.979798	0.979798	0.979798	0.979798	0.979798	0.979798	0.979798	0.979798	0.979798	0.979798	0.979798	0.979798	0.979798	0.979798	0.979798	0.979798	0.979798	0.979798	0.979798	0.979798	0.979798	0.979798	0.979798	0.979798	0.979798	0.979798	0.979798	0.979798	0.979798	0.979798	0.979798	0.979798	0.979798	0.979798	0.979798	0.979798	0.979798	0.979798	0.979798	0.979798	0.979798	0.979798	0.979798	0.979798	0.979798	0.979798	0.979798	0.979798	0.979798	0.979798	0.979798	0.979798	0.979798	0.979798	0.979798	0.979798	0.979798	0.979798	0.979798	0.979798	0.979798	0.979798	0.979798	0.979798	0.979798	0.979798	0.979798	0.979798	0.979798	0.979798	0.979798	0.979798	0.979798	0.979798	0.979798	0.979798	0.979798	0.979798	0.979798	0.979798	0.979798	0.979798	0.979798	0.979798	0.979798	0.979798	0.979798	0.979798	0.979798	0.979798	0.979798	0.979798	0.979798	0.979798	0.979798	0.979798	0.979798	0.979798	0.979798	0.979798	0.979798	0.979798	0.979798	0.979798	0.979798	0.979798	0.979798	0.979798	0.979798	0.979798	0.979798	0.979798	0.979798	0.979798	0.979798	0.979798	0.979798	0.979798	0.979798	0.979798	0.976431	0.976431	0.976431	0.976431	0.976431	0.976431	0.976431	0.976431	0.976431	0.976431	0.976431	0.976431	
0.979798	0.979798	0.979798	0.979798	0.979798	0.979798	0.979798	0.979798	0.979798	0.979798	0.979798	0.979798	0.979798	0.979798	0.979798	0.979798	0.979798	0.979798	0.979798	0.979798	0.979798	0.979798	0.979798	0.979798	0.979798	0.979798	0.979798	0.979798	0.979798	0.979798	0.979798	0.979798	0.979798	0.979798	0.979798	0.979798	0.979798	0.979798	0.979798	0.979798	0.979798	0.979798	0.979798	0.979798	0.979798	0.979798	0.979798	0.979798	0.979798	0.979798	0.979798	0.979798	0.979798	0.979798	0.979798	0.979798	0.979798	0.979798	0.979798	0.979798	0.979798	0.979798	0.979798	0.979798	0.979798	0.979798	0.979798	0.979798	0.979798	0.979798	0.979798	0.979798	0.979798	0.979798	0.979798	0.979798	0.979798	0.979798	0.979798	0.979798	0.979798	0.979798	0.979798	0.979798	0.979798	0.979798	0.979798	0.979798	0.979798	0.979798	0.979798	0.979798	0.979798	0.979798	0.979798	0.979798	0.979798	0.979798	0.979798	0.979798	0.979798	0.979798	0.979798	0.979798	0.979798	0.979798	0.979798	0.979798	0.979798	0.979798	0.979798	0.979798	0.979798	0.979798	0.979798	0.979798	0.979798	0.979798	0.979798	0.979798	0.979798	0.979798	0.979798	0.979798	0.979798	0.979798	0.979798	0.979798	0.979798	0.979798	0.979798	0.979798	0.979798	0.979798	0.979798	0.979798	0.979798	0.979798	0.979798	0.979798	0.979798	0.976431	0.976431	0.976431	0.976431	0.976431	0.976431	0.976431	0.976431	0.976431	0.976431	0.976431	0.976431	
0.979798	0.979798	0.979798	0.979798	0.979798	0.979798	0.979798	0.979798	0.979798	0.979798	0.979798	0.979798	0.979798	0.979798	0.979798	0.979798	0.979798	0.979798	0.979798	0.979798	0.979798	0.979798	0.979798	0.979798	0.979798	0.979798	0.979798	0.979798	0.979798	0.979798	0.979798	0.979798	0.979798	0.979798	0.979798	0.979798	0.979798	0.979798	0.979798	0.979798	0.979798	0.979798	0.979798	0.979798	0.979798	0.979798	0.979798	0.979798	0.979798	0.979798	0.979798	0.979798	0.979798	0.979798	0.979798	0.979798	0.979798	0.979798	0.979798	0.979798	0.979798	0.979798	0.979798	0.979798	0.979798	0.979798	0.979798	0.979798	0.979798	0.979798	0.979798	0.979798	0.979798	0.979798	0.979798	0.979798	0.979798	0.979798	0.979798	0.979798	0.979798	0.979798	0.979798	0.979798	0.979798	0.979798	0.979798	0.979798	0.979798	0.979798	0.979798	0.979798	0.979798	0.979798	0.979798	0.979798	0.979798	0.979798	0.979798	0.979798	0.979798	0.979798	0.979798	0.979798	0.979798	0.979798	0.979798	0.979798	0.979798	0.979798	0.979798	0.979798	0.979798	0.979798	0.979798	0.979798	0.979798	0.979798	0.979798	0.979798	0.979798	0.979798	0.979798	0.979798	0.979798	0.979798	0.979798	0.979798	0.979798	0.979798	0.979798	0.979798	0.979798	0.979798	0.979798	0.979798	0.979798	0.979798	0.979798	0.979798	0.979798	0.979798	0.979798	0.979798	0.976431	0.976431	0.976431	0.976431	0.976431	0.976431	0.976431	0.976431	0.976431	0.976431	0.976431	0.976431	
0.979798	0.979798	0.979798	0.979798	0.979798	0.979798	0.979798	0.979798	0.979798	0.979798	0.979798	0.979798	0.979798	0.979798	0.979798	0.979798	0.979798	0.979798	0.979798	0.979798	0.979798	0.979798	0.979798	0.979798	0.979798	0.979798	0.979798	0.979798	0.979798	0.979798	0.979798	0.979798	0.979798	0.979798	0.979798	0.979798	0.979798	0.979798	0.979798	0.979798	0.979798	0.979798	0.979798	0.979798	0.979798	0.979798	0.979798	0.979798	0.979798	0.979798	0.979798	0.979798	0.979798	0.979798	0.979798	0.979798	0.979798	0.979798	0.979798	0.979798	0.979798	0.979798	0.979798	0.979798	0.979798	0.979798	0.979798	0.979798	0.979798	0.979798	0.979798	0.979798	0.979798	0.979798	0.979798	0.979798	0.979798	0.979798	0.979798	0.979798	0.979798	0.979798	0.979798	0.979798	0.979798	0.979798	0.979798	0.979798	0.979798	0.979798	0.979798	0.979798	0.979798	0.979798	0.979798	0.979798	0.979798	0.979798	0.979798	0.979798	0.979798	0.979798	0.979798	0.979798	0.979798	0.979798	0.979798	0.979798	0.979798	0.979798	0.979798	0.979798	0.979798	0.979798	0.979798	0.979798	0.979798	0.979798	0.979798	0.979798	0.979798	0.979798	0.979798	0.979798	0.979798	0.979798	0.979798	0.979798	0.979798	0.979798	0.979798	0.979798	0.979798	0.979798	0.979798	0.979798	0.979798	0.979798	0.979798	0.979798	0.979798	0.979798	0.979798	0.979798	0.979798	0.979798	0.979798	0.976431	0.976431	0.976431	0.976431	0.976431	0.976431	0.976431	0.976431	0.976431	0.976431	0.976431	0.976431	
0.979798	0.979798	0.979798	0.979798	0.979798	0.979798	0.979798	0.979798	0.979798	0.979798	0.979798	0.979798	0.979798	0.979798	0.979798	0.979798	0.979798	0.979798	0.979798	0.979798	0.979798	0.979798	0.979798	0.979798	0.979798	0.979798	0.979798	0.979798	0.979798	0.979798	0.979798	0.979798	0.979798	0.979798	0.979798	0.979798	0.979798	0.979798	0.979798	0.979798	0.979798	0.979798	0.979798	0.979798	0.979798	0.979798	0.979798	0.979798	0.979798	0.979798	0.979798	0.979798	0.979798	0.979798	0.979798	0.979798	0.979798	0.979798	0.979798	0.979798	0.979798	0.979798	0.979798	0.979798	0.979798	0.979798	0.979798	0.979798	0.979798	0.979798	0.979798	0.979798	0.979798	0.979798	0.979798	0.979798	0.979798	0.979798	0.979798	0.979798	0.979798	0.979798	0.979798	0.979798	0.979798	0.979798	0.979798	0.979798	0.979798	0.979798	0.979798	0.979798	0.979798	0.979798	0.979798	0.979798	0.979798	0.979798	0.979798	0.979798	0.979798	0.979798	0.979798	0.979798	0.979798	0.979798	0.979798	0.979798	0.979798	0.979798	0.979798	0.979798	0.979798	0.979798	0.979798	0.979798	0.979798	0.979798	0.979798	0.979798	0.979798	0.979798	0.979798	0.979798	0.979798	0.979798	0.979798	0.979798	0.979798	0.979798	0.979798	0.979798	0.979798	0.979798	0.979798	0.979798	0.979798	0.979798	0.979798	0.979798	0.979798	0.979798	0.979798	0.979798	0.979798	0.979798	0.979798	0.979798	0.979798	0.976431	0.976431	0.976431	0.976431	0.976431	0.976431	0.976431	0.976431	0.976431	0.976431	0.976431	0.976431	
0.979798	0.979798	0.979798	0.979798	0.979798	0.979798	0.979798	0.979798	0.979798	0.979798	0.979798	0.979798	0.979798	0.979798	0.979798	0.979798	0.979798	0.979798	0.979798	0.979798	0.979798	0.979798	0.979798	0.979798	0.979798	0.979798	0.979798	0.979798	0.979798	0.979798	0.979798	0.979798	0.979798	0.979798	0.979798	0.979798	0.979798	0.979798	0.979798	0.979798	0.979798	0.979798	0.979798	0.979798	0.979798	0.979798	0.979798	0.979798	0.979798	0.979798	0.979798	0.979798	0.979798	0.979798	0.979798	0.979798	0.979798	0.979798	0.979798	0.979798	0.979798	0.979798	0.979798	0.979798	0.979798	0.979798	0.979798	0.979798	0.979798	0.979798	0.979798	0.979798	0.979798	0.979798	0.979798	0.979798	0.979798	0.979798	0.979798	0.979798	0.979798	0.979798	0.979798	0.979798	0.979798	0.979798	0.979798	0.979798	0.979798	0.979798	0.979798	0.979798	0.979798	0.979798	0.979798	0.979798	0.979798	0.979798	0.979798	0.979798	0.979798	0.979798	0.979798	0.979798	0.979798	0.979798	0.979798	0.979798	0.979798	0.979798	0.979798	0.979798	0.979798	0.979798	0.979798	0.979798	0.979798	0.979798	0.979798	0.979798	0.979798	0.979798	0.979798	0.979798	0.979798	0.979798	0.979798	0.979798	0.979798	0.979798	0.979798	0.979798	0.979798	0.979798	0.979798	0.979798	0.979798	0.979798	0.979798	0.979798	0.979798	0.979798	0.979798	0.979798	0.979798	0.979798	0.979798	0.979798	0.979798	0.979798	0.976431	0.976431	0.976431	0.976431	0.976431	0.976431	0.976431	0.976431	0.976431	0.976431	0.976431	0.976431	
0.979798	0.979798	0.979798	0.979798	0.979798	0.979798	0.979798	0.979798	0.979798	0.979798	0.979798	0.979798	0.979798	0.979798	0.979798	0.979798	0.979798	0.979798	0.979798	0.979798	0.979798	0.979798	0.979798	0.979798	0.979798	0.979798	0.979798	0.979798	0.979798	0.979798	0.979798	0.979798	0.979798	0.979798	0.979798	0.979798	0.979798	0.979798	0.979798	0.979798	0.979798	0.979798	0.979798	0.979798	0.979798	0.979798	0.979798	0.979798	0.979798	0.979798	0.979798	0.979798	0.979798	0.979798	0.979798	0.979798	0.979798	0.979798	0.979798	0.979798	0.979798	0.979798	0.979798	0.979798	0.979798	0.979798	0.979798	0.979798	0.979798	0.979798	0.979798	0.979798	0.979798	0.979798	0.979798	0.979798	0.979798	0.979798	0.979798	0.979798	0.979798	0.979798	0.979798	0.979798	0.979798	0.979798	0.979798	0.979798	0.979798	0.979798	0.979798	0.979798	0.979798	0.979798	0.979798	0.979798	0.979798	0.979798	0.979798	0.979798	0.979798	0.979798	0.979798	0.979798	0.979798	0.979798	0.979798	0.979798	0.979798	0.979798	0.979798	0.979798	0.979798	0.979798	0.979798	0.979798	0.979798	0.979798	0.979798	0.979798	0.979798	0.979798	0.979798	0.979798	0.979798	0.979798	0.979798	0.979798	0.979798	0.979798	0.979798	0.979798	0.979798	0.979798	0.979798	0.979798	0.979798	0.979798	0.979798	0.979798	0.979798	0.979798	0.979798	0.979798	0.979798	0.979798	0.979798	0.979798	0.979798	0.979798	0.979798	0.976431	0.976431	0.976431	0.976431	0.976431	0.976431	0.976431	0.976431	0.976431	0.976431	0.976431	0.976431	
0.979849	0.979849	0.979798	0.979798	0.979798	0.979798	0.979798	0.979798	0.979798	0.979798	0.979798	0.979798	0.979798	0.979798	0.979798	0.979798	0.979798	0.979798	0.979798	0.979798	0.979798	0.979798	0.979798	0.979798	0.979798	0.979798	0.979798	0.979798	0.979798	0.979798	0.979798	0.979798	0.979798	0.979798	0.979798	0.979798	0.979798	0.979798	0.979798	0.979798	0.979798	0.979798	0.979798	0.979798	0.979798	0.979798	0.979798	0.979798	0.979798	0.979798	0.979798	0.979798	0.979798	0.979798	0.979798	0.979798	0.979798	0.979798	0.979798	0.979798	0.979798	0.979798	0.979798	0.979798	0.979798	0.979798	0.979798	0.979798	0.979798	0.979798	0.979798	0.979798	0.979798	0.979798	0.979798	0.979798	0.979798	0.979798	0.979798	0.979798	0.979798	0.979798	0.979798	0.979798	0.979798	0.979798	0.979798	0.979798	0.979798	0.979798	0.979798	0.979798	0.979798	0.979798	0.979798	0.979798	0.979798	0.979798	0.979798	0.979798	0.979798	0.979798	0.979798	0.979798	0.979798	0.979798	0.979798	0.979798	0.979798	0.979798	0.979798	0.979798	0.979798	0.979798	0.979798	0.979798	0.979798	0.979798	0.979798	0.979798	0.979798	0.979798	0.979798	0.979798	0.979798	0.979798	0.979798	0.979798	0.979798	0.979798	0.979798	0.979798	0.979798	0.979798	0.979798	0.979798	0.979798	0.979798	0.979798	0.979798	0.979798	0.979798	0.979798	0.979798	0.979798	0.979798	0.979798	0.979798	0.979798	0.979798	0.979798	0.979798	0.979798	0.979798	0.976431	0.976431	0.976431	0.976431	0.976431	0.976431	0.976431	0.976431	0.976431	0.976431	0.976431	0.976431	
0.979849	0.979849	0.979849	0.979849	0.979798	0.979798	0.979798	0.979798	0.979798	0.979798	0.979798	0.979798	0.979798	0.979798	0.979798	0.979798	0.979798	0.979798	0.979798	0.979798	0.979798	0.979798	0.979798	0.979798	0.979798	0.979798	0.979798	0.979798	0.979798	0.979798	0.979798	0.979798	0.979798	0.979798	0.979798	0.979798	0.979798	0.979798	0.979798	0.979798	0.979798	0.979798	0.979798	0.979798	0.979798	0.979798	0.979798	0.979798	0.979798	0.979798	0.979798	0.979798	0.979798	0.979798	0.979798	0.979798	0.979798	0.979798	0.979798	0.979798	0.979798	0.979798	0.979798	0.979798	0.979798	0.979798	0.979798	0.979798	0.979798	0.979798	0.979798	0.979798	0.979798	0.979798	0.979798	0.979798	0.979798	0.979798	0.979798	0.979798	0.979798	0.979798	0.979798	0.979798	0.979798	0.979798	0.979798	0.979798	0.979798	0.979798	0.979798	0.979798	0.979798	0.979798	0.979798	0.979798	0.979798	0.979798	0.979798	0.979798	0.979798	0.979798	0.979798	0.979798	0.979798	0.979798	0.979798	0.979798	0.979798	0.979798	0.979798	0.979798	0.979798	0.979798	0.979798	0.979798	0.979798	0.979798	0.979798	0.979798	0.979798	0.979798	0.979798	0.979798	0.979798	0.979798	0.979798	0.979798	0.979798	0.979798	0.979798	0.979798	0.979798	0.979798	0.979798	0.979798	0.979798	0.979798	0.979798	0.979798	0.979798	0.979798	0.979798	0.979798	0.979798	0.979798	0.979798	0.979798	0.979798	0.979798	0.979798	0.979798	0.979798	0.979798	0.979798	0.979798	0.979798	0.976431	0.976431	0.976431	0.976431	0.976431	0.976431	0.976431	0.976431	0.976431	0.976431	0.976431	0.976431	
0.979849	0.979486	0.979486	0.979849	0.979849	0.979849	0.979798	0.979798	0.979798	0.979798	0.979798	0.979798	0.979798	0.979798	0.979798	0.979798	0.979798	0.979798	0.979798	0.979798	0.979798	0.979798	0.979798	0.979798	0.979798	0.979798	0.979798	0.979798	0.979798	0.979798	0.979798	0.979798	0.979798	0.979798	0.979798	0.979798	0.979798	0.979798	0.979798	0.979798	0.979798	0.979798	0.979798	0.979798	0.979798	0.979798	0.979798	0.979798	0.979798	0.979798	0.979798	0.979798	0.979798	0.979798	0.979798	0.979798	0.979798	0.979798	0.979798	0.979798	0.979798	0.979798	0.979798	0.979798	0.979798	0.979798	0.979798	0.979798	0.979798	0.979798	0.979798	0.979798	0.979798	0.979798	0.979798	0.979798	0.979798	0.979798	0.979798	0.979798	0.979798	0.979798	0.979798	0.979798	0.979798	0.979798	0.979798	0.979798	0.979798	0.979798	0.979798	0.979798	0.979798	0.979798	0.979798	0.979798	0.979798	0.979798	0.979798	0.979798	0.979798	0.979798	0.979798	0.979798	0.979798	0.979798	0.979798	0.979798	0.979798	0.979798	0.979798	0.979798	0.979798	0.979798	0.979798	0.979798	0.979798	0.979798	0.979798	0.979798	0.979798	0.979798	0.979798	0.979798	0.979798	0.979798	0.979798	0.979798	0.979798	0.979798	0.979798	0.979798	0.979798	0.979798	0.979798	0.979798	0.979798	0.979798	0.979798	0.979798	0.979798	0.979798	0.979798	0.979798	0.979798	0.979798	0.979798	0.979798	0.979798	0.979798	0.979798	0.979798	0.979798	0.979798	0.979798	0.979798	0.979798	0.979798	0.979798	0.979798	0.976431	0.976431	0.976431	0.976431	0.976431	0.976431	0.976431	0.976431	0.976431	0.976431	0.976431	0.976431	
0.979849	0.979486	0.979486	0.979486	0.979486	0.979486	0.979849	0.979849	0.979798	0.979798	0.979798	0.979798	0.979798	0.979798	0.979798	0.979798	0.979798	0.979798	0.979798	0.979798	0.979798	0.979798	0.979798	0.979798	0.979798	0.979798	0.979798	0.979798	0.979798	0.979798	0.979798	0.979798	0.979798	0.979798	0.979798	0.979798	0.979798	0.979798	0.979798	0.979798	0.979798	0.979798	0.979798	0.979798	0.979798	0.979798	0.979798	0.979798	0.979798	0.979798	0.979798	0.979798	0.979798	0.979798	0.979798	0.979798	0.979798	0.979798	0.979798	0.979798	0.979798	0.979798	0.979798	0.979798	0.979798	0.979798	0.979798	0.979798	0.979798	0.979798	0.979798	0.979798	0.979798	0.979798	0.979798	0.979798	0.979798	0.979798	0.979798	0.979798	0.979798	0.979798	0.979798	0.979798	0.979798	0.979798	0.979798	0.979798	0.979798	0.979798	0.979798	0.979798	0.979798	0.979798	0.979798	0.979798	0.979798	0.979798	0.979798	0.979798	0.979798	0.979798	0.979798	0.979798	0.979798	0.979798	0.979798	0.979798	0.979798	0.979798	0.979798	0.979798	0.979798	0.979798	0.979798	0.979798	0.979798	0.979798	0.979798	0.979798	0.979798	0.979798	0.979798	0.979798	0.979798	0.979798	0.979798	0.979798	0.979798	0.979798	0.979798	0.979798	0.979798	0.979798	0.979798	0.979798	0.979798	0.979798	0.979798	0.979798	0.979798	0.979798	0.979798	0.979798	0.979798	0.979798	0.979798	0.979798	0.979798	0.979798	0.979798	0.979798	0.979798	0.979798	0.979798	0.979798	0.979798	0.979798	0.979798	0.979798	0.979798	0.979798	0.979798	0.976431	0.976431	0.976431	0.976431	0.976431	0.976431	0.976431	0.976431	0.976431	0.976431	0.976431	0.976431	
0.979486	0.979486	0.979486	0.979486	0.979486	0.979486	0.979486	0.979486	0.979849	0.979798	0.979798	0.979798	0.979798	0.979798	0.979798	0.979798	0.979697	0.979697	0.979798	0.979798	0.979798	0.979798	0.979798	0.979798	0.979798	0.979798	0.979798	0.979798	0.979798	0.979798	0.979798	0.979798	0.979798	0.979798	0.979798	0.979798	0.979798	0.979798	0.979798	0.979798	0.979798	0.979798	0.979798	0.979798	0.979798	0.979798	0.979798	0.979798	0.979798	0.979798	0.979798	0.979798	0.979798	0.979798	0.979798	0.979798	0.979798	0.979798	0.979798	0.979798	0.979798	0.979798	0.979798	0.979798	0.979798	0.979798	0.979798	0.979798	0.979798	0.979798	0.979798	0.979798	0.979798	0.979798	0.979798	0.979798	0.979798	0.979798	0.979798	0.979798	0.979798	0.979798	0.979798	0.979798	0.979798	0.979798	0.979798	0.979798	0.979798	0.979798	0.979798	0.979798	0.979798	0.979798	0.979798	0.979798	0.979798	0.979798	0.979798	0.979798	0.979798	0.979798	0.979798	0.979798	0.979798	0.979798	0.979798	0.979798	0.979798	0.979798	0.979798	0.979798	0.979798	0.979798	0.979798	0.979798	0.979798	0.979798	0.979798	0.979798	0.979798	0.979798	0.979798	0.979798	0.979798	0.979798	0.979798	0.979798	0.979798	0.979798	0.979798	0.979798	0.979798	0.979798	0.979798	0.979798	0.979798	0.979798	0.979798	0.979798	0.979798	0.979798	0.979798	0.979798	0.979798	0.979798	0.979798	0.979798	0.979798	0.979798	0.979798	0.979798	0.979798	0.979798	0.979798	0.979798	0.979798	0.979798	0.979798	0.979798	0.979798	0.979798	0.979798	0.979798	0.979798	0.976431	0.976431	0.976431	0.976431	0.976431	0.976431	0.976431	0.976431	0.976431	0.976431	0.976431	0.976431	
0.979849	0.979486	0.979486	0.979486	0.979486	0.979486	0.979486	0.979486	0.979486	0.979486	0.979486	0.979798	0.979798	0.979798	0.979798	0.979798	0.979697	0.979697	0.979697	0.979798	0.979798	0.979798	0.979798	0.979798	0.979798	0.979798	0.979798	0.979798	0.979798	0.979798	0.979798	0.979798	0.979798	0.979798	0.979798	0.979798	0.979798	0.979798	0.979798	0.979798	0.979798	0.979798	0.979798	0.979798	0.979798	0.979798	0.979798	0.979798	0.979798	0.979798	0.979798	0.979798	0.979798	0.979798	0.979798	0.979798	0.979798	0.979798	0.979798	0.979798	0.979798	0.979798	0.979798	0.979798	0.979798	0.979798	0.979798	0.979798	0.979798	0.979798	0.979798	0.979798	0.979798	0.979798	0.979798	0.979798	0.979798	0.979798	0.979798	0.979798	0.979798	0.979798	0.979798	0.979798	0.979798	0.979798	0.979798	0.979798	0.979798	0.979798	0.979798	0.979798	0.979798	0.979798	0.979798	0.979798	0.979798	0.979798	0.979798	0.979798	0.979798	0.979798	0.979798	0.979798	0.979798	0.979798	0.979798	0.979798	0.979798	0.979798	0.979798	0.979798	0.979798	0.979798	0.979798	0.979798	0.979798	0.979798	0.979798	0.979798	0.979798	0.979798	0.979798	0.979798	0.979798	0.979798	0.979798	0.979798	0.979798	0.979798	0.979798	0.979798	0.979798	0.979798	0.979798	0.979798	0.979798	0.979798	0.979798	0.979798	0.979798	0.979798	0.979798	0.979798	0.979798	0.979798	0.979798	0.979798	0.979798	0.979798	0.979798	0.979798	0.979798	0.979798	0.979798	0.979798	0.979798	0.979798	0.979798	0.979798	0.979798	0.979798	0.979798	0.979798	0.979798	0.979798	0.976431	0.976431	0.976431	0.976431	0.976431	0.976431	0.976431	0.976431	0.976431	0.976431	0.976431	0.976431	
0.979849	0.979486	0.979486	0.979486	0.979486	0.979486	0.979486	0.979486	0.979486	0.979486	0.979486	0.979486	0.979486	0.979486	0.979798	0.979798	0.979697	0.979697	0.979697	0.979697	0.979798	0.979798	0.979798	0.979798	0.979798	0.979798	0.979798	0.979798	0.979798	0.979798	0.979798	0.979798	0.979798	0.979798	0.979798	0.979798	0.979798	0.979798	0.979798	0.979798	0.979798	0.979798	0.979798	0.979798	0.979798	0.979798	0.979798	0.979798	0.979798	0.979798	0.979798	0.979798	0.979798	0.979798	0.979798	0.979798	0.979798	0.979798	0.979798	0.979798	0.979798	0.979798	0.979798	0.979798	0.979798	0.979798	0.979798	0.979798	0.979798	0.979798	0.979798	0.979798	0.979798	0.979798	0.979798	0.979798	0.979798	0.979798	0.979798	0.979798	0.979798	0.979798	0.979798	0.979798	0.979798	0.979798	0.979798	0.979798	0.979798	0.979798	0.979798	0.979798	0.979798	0.979798	0.979798	0.979798	0.979798	0.979798	0.979798	0.979798	0.979798	0.979798	0.979798	0.979798	0.979798	0.979798	0.979798	0.979798	0.979798	0.979798	0.979798	0.979798	0.979798	0.979798	0.979798	0.979798	0.979798	0.979798	0.979798	0.979798	0.979798	0.979798	0.979798	0.979798	0.979798	0.979798	0.979798	0.979798	0.979798	0.979798	0.979798	0.979798	0.979798	0.979798	0.979798	0.979798	0.979798	0.979798	0.979798	0.979798	0.979798	0.979798	0.979798	0.979798	0.979798	0.979798	0.979798	0.979798	0.979798	0.979798	0.979798	0.979798	0.979798	0.979798	0.979798	0.979798	0.979798	0.979798	0.979798	0.979798	0.979798	0.979798	0.979798	0.979798	0.979798	0.979798	0.979798	0.976431	0.976431	0.976431	0.976431	0.976431	0.976431	0.976431	0.976431	0.976431	0.976431	0.976431	0.976431	
0.979486	0.979486	0.979486	0.979486	0.979486	0.979486	0.979486	0.979486	0.979486	0.979486	0.979486	0.979486	0.979486	0.979486	0.979486	0.979486	0.979697	0.979697	0.979697	0.979798	0.979798	0.979798	0.979798	0.979798	0.979798	0.979798	0.979798	0.979798	0.979798	0.979798	0.979798	0.979798	0.979798	0.979798	0.979798	0.979798	0.979798	0.979798	0.979798	0.979798	0.979798	0.979798	0.979798	0.979798	0.979798	0.979798	0.979798	0.979798	0.979798	0.979798	0.979798	0.979798	0.979798	0.979798	0.979798	0.979798	0.979798	0.979798	0.979798	0.979798	0.979798	0.979798	0.979798	0.979798	0.979798	0.979798	0.979798	0.979798	0.979798	0.979798	0.979798	0.979798	0.979798	0.979798	0.979798	0.979798	0.979798	0.979798	0.979798	0.979798	0.979798	0.979798	0.979798	0.979798	0.979798	0.979798	0.979798	0.979798	0.979798	0.979798	0.979798	0.979798	0.979798	0.979798	0.979798	0.979798	0.979798	0.979798	0.979798	0.979798	0.979798	0.979798	0.979798	0.979798	0.979798	0.979798	0.979798	0.979798	0.979798	0.979798	0.979798	0.979798	0.979798	0.979798	0.979798	0.979798	0.979798	0.979798	0.979798	0.979798	0.979798	0.979798	0.979798	0.979798	0.979798	0.979798	0.979798	0.979798	0.979798	0.979798	0.979798	0.979798	0.979798	0.979798	0.979798	0.979798	0.979798	0.979798	0.979798	0.979798	0.979798	0.979798	0.979798	0.979798	0.979798	0.979798	0.979798	0.979798	0.979798	0.979798	0.979798	0.979798	0.979798	0.979798	0.979798	0.979798	0.979798	0.979798	0.979798	0.979798	0.979798	0.979798	0.979798	0.979798	0.979798	0.979798	0.979798	0.976431	0.976431	0.976431	0.976431	0.976431	0.976431	0.976431	0.976431	0.976431	0.976431	0.976431	0.976431	
0.979849	0.979486	0.979486	0.979486	0.979486	0.979486	0.979486	0.979486	0.979486	0.979486	0.979486	0.979486	0.979486	0.979486	0.979486	0.979486	0.979486	0.979486	0.979486	0.979697	0.979798	0.979798	0.979798	0.979798	0.979798	0.979798	0.979798	0.979798	0.979798	0.979798	0.979798	0.979798	0.979798	0.979798	0.979798	0.979798	0.979798	0.979798	0.979798	0.979798	0.979798	0.979798	0.979798	0.979798	0.979798	0.979798	0.979798	0.979798	0.979798	0.979798	0.979798	0.979798	0.979798	0.979798	0.979798	0.979798	0.979798	0.979798	0.979798	0.979798	0.979798	0.979798	0.979798	0.979798	0.979798	0.979798	0.979798	0.979798	0.979798	0.979798	0.979798	0.979798	0.979798	0.979798	0.979798	0.979798	0.979798	0.979798	0.979798	0.979798	0.979798	0.979798	0.979798	0.979798	0.979798	0.979798	0.979798	0.979798	0.979798	0.979798	0.979798	0.979798	0.979798	0.979798	0.979798	0.979798	0.979798	0.979798	0.979798	0.979798	0.979798	0.979798	0.979798	0.979798	0.979798	0.979798	0.979798	0.979798	0.979798	0.979798	0.979798	0.979798	0.979798	0.979798	0.979798	0.979798	0.979798	0.979798	0.979798	0.979798	0.979798	0.979798	0.979798	0.979798	0.979798	0.979798	0.979798	0.979798	0.979798	0.979798	0.979798	0.979798	0.979798	0.979798	0.979798	0.979798	0.979798	0.979798	0.979798	0.979798	0.979798	0.979798	0.979798	0.979798	0.979798	0.979798	0.979798	0.979798	0.979798	0.979798	0.979798	0.979798	0.979798	0.979798	0.979798	0.979798	0.979798	0.979798	0.979798	0.979798	0.979798	0.979798	0.979798	0.979798	0.979798	0.979798	0.979798	0.979798	0.976431	0.976431	0.976431	0.976431	0.976431	0.976431	0.976431	0.976431	0.976431	0.976431	0.976431	0.976431	
0.979486	0.979486	0.979486	0.979486	0.979486	0.979486	0.979486	0.979486	0.979486	0.979486	0.979486	0.979486	0.979486	0.979486	0.979486	0.979486	0.979486	0.979486	0.979486	0.979486	0.979486	0.979798	0.979798	0.979798	0.979798	0.979798	0.979798	0.979798	0.979798	0.979798	0.979798	0.979798	0.979798	0.979798	0.979798	0.979798	0.979798	0.979798	0.979798	0.979798	0.979798	0.979798	0.979798	0.979798	0.979798	0.979798	0.979798	0.979798	0.979798	0.979798	0.979798	0.979798	0.979798	0.979798	0.979798	0.979798	0.979798	0.979798	0.979798	0.979798	0.979798	0.979798	0.979798	0.979798	0.979798	0.979798	0.979798	0.979798	0.979798	0.979798	0.979798	0.979798	0.979798	0.979798	0.979798	0.979798	0.979798	0.979798	0.979798	0.979798	0.979798	0.979798	0.979798	0.979798	0.979798	0.979798	0.979798	0.979798	0.979798	0.979798	0.979798	0.979798	0.979798	0.979798	0.979798	0.979798	0.979798	0.979798	0.979798	0.979798	0.979798	0.979798	0.979798	0.979798	0.979798	0.979798	0.979798	0.979798	0.979798	0.979798	0.979798	0.979798	0.979798	0.979798	0.979798	0.979798	0.979798	0.979798	0.979798	0.979798	0.979798	0.979798	0.979798	0.979798	0.979798	0.979798	0.979798	0.979798	0.979798	0.979798	0.979798	0.979798	0.979798	0.979798	0.979798	0.979798	0.979798	0.979798	0.979798	0.979798	0.979798	0.979798	0.979798	0.979798	0.979798	0.979798	0.979798	0.979798	0.979798	0.979798	0.979798	0.979798	0.979798	0.979798	0.979798	0.979798	0.979798	0.979798	0.979798	0.979798	0.979798	0.979798	0.979798	0.979798	0.979798	0.979798	0.979798	0.979798	0.976431	0.976431	0.976431	0.976431	0.976431	0.976431	0.976431	0.976431	0.976431	0.976431	0.976431	0.976431	
0.979849	0.979486	0.979486	0.979486	0.979486	0.979486	0.979486	0.979486	0.979486	0.979486	0.979486	0.979486	0.979486	0.979486	0.979486	0.979486	0.979486	0.979486	0.979486	0.979486	0.979486	0.979486	0.979486	0.979486	0.979798	0.979798	0.979798	0.979798	0.979798	0.979798	0.979798	0.979798	0.979798	0.979798	0.979798	0.979798	0.979798	0.979798	0.979798	0.979798	0.979798	0.979798	0.979798	0.979798	0.979798	0.979798	0.979798	0.979798	0.979798	0.979798	0.979798	0.979798	0.979798	0.979798	0.979798	0.979798	0.979798	0.979798	0.979798	0.979798	0.979798	0.979798	0.979798	0.979798	0.979798	0.979798	0.979798	0.979798	0.979798	0.979798	0.979798	0.979798	0.979798	0.979798	0.979798	0.979798	0.979798	0.979798	0.979798	0.979798	0.979798	0.979798	0.979798	0.979798	0.979798	0.979798	0.979798	0.979798	0.979798	0.979798	0.979798	0.979798	0.979798	0.979798	0.979798	0.979798	0.979798	0.979798	0.979798	0.979798	0.979798	0.979798	0.979798	0.979798	0.979798	0.979798	0.979798	0.979798	0.979798	0.979798	0.979798	0.979798	0.979798	0.979798	0.979798	0.979798	0.979798	0.979798	0.979798	0.979798	0.979798	0.979798	0.979798	0.979798	0.979798	0.979798	0.979798	0.979798	0.979798	0.979798	0.979798	0.979798	0.979798	0.979798	0.979798	0.979798	0.979798	0.979798	0.979798	0.979798	0.979798	0.979798	0.979798	0.979798	0.979798	0.979798	0.979798	0.979798	0.979798	0.979798	0.979798	0.979798	0.979798	0.979798	0.979798	0.979798	0.979798	0.979798	0.979798	0.979798	0.979798	0.979798	0.979798	0.979798	0.979798	0.979798	0.979798	0.979798	0.979798	0.976431	0.976431	0.976431	0.976431	0.976431	0.976431	0.976431	0.976431	0.976431	0.976431	0.976431	0.976431	
0.979849	0.979486	0.979486	0.979486	0.979486	0.979486	0.979486	0.979486	0.979486	0.979486	0.979486	0.979486	0.979486	0.979486	0.979486	0.979486	0.979486	0.979486	0.979486	0.979486	0.979486	0.979486	0.979486	0.979486	0.979486	0.979486	0.979486	0.979486	0.979798	0.979798	0.979798	0.979798	0.979798	0.979798	0.979798	0.979798	0.979798	0.979798	0.979798	0.979798	0.979798	0.979798	0.979798	0.979798	0.979798	0.979798	0.979798	0.979798	0.979798	0.979798	0.979798	0.979798	0.979798	0.979798	0.979798	0.979798	0.979798	0.979798	0.979798	0.979798	0.979798	0.979798	0.979798	0.979798	0.979798	0.979798	0.979798	0.979798	0.979798	0.979798	0.979798	0.979798	0.979798	0.979798	0.979798	0.979798	0.979798	0.979798	0.979798	0.979798	0.979798	0.979798	0.979798	0.979798	0.979798	0.979798	0.979798	0.979798	0.979798	0.979798	0.979798	0.979798	0.979798	0.979798	0.979798	0.979798	0.979798	0.979798	0.979798	0.979798	0.979798	0.979798	0.979798	0.979798	0.979798	0.979798	0.979798	0.979798	0.979798	0.979798	0.979798	0.979798	0.979798	0.979798	0.979798	0.979798	0.979798	0.979798	0.979798	0.979798	0.979798	0.979798	0.979798	0.979798	0.979798	0.979798	0.979798	0.979798	0.979798	0.979798	0.979798	0.979798	0.979798	0.979798	0.979798	0.979798	0.979798	0.979798	0.979798	0.979798	0.979798	0.979798	0.979798	0.979798	0.979798	0.979798	0.979798	0.979798	0.979798	0.979798	0.979798	0.979798	0.979798	0.979798	0.979798	0.979798	0.979798	0.979798	0.979798	0.979798	0.979798	0.979798	0.979798	0.979798	0.979798	0.979798	0.979798	0.979798	0.979798	0.979798	0.976431	0.976431	0.976431	0.976431	0.976431	0.976431	0.976431	0.976431	0.976431	0.976431	0.976431	0.976431	
0.979486	0.979486	0.979486	0.979486	0.979486	0.979486	0.979486	0.979486	0.979486	0.979486	0.979486	0.979486	0.979486	0.979486	0.979486	0.979486	0.979486	0.979486	0.979486	0.979486	0.979486	0.979486	0.979486	0.979486	0.979486	0.979486	0.979486	0.979486	0.979486	0.979798	0.979798	0.979798	0.979798	0.979798	0.979798	0.979798	0.979798	0.979798	0.979798	0.979798	0.979798	0.979798	0.979798	0.979798	0.979798	0.979798	0.979798	0.979798	0.979798	0.979798	0.979798	0.979798	0.979798	0.979798	0.979798	0.979798	0.979798	0.979798	0.979798	0.979798	0.979798	0.979798	0.979798	0.979798	0.979798	0.979798	0.979798	0.979798	0.979798	0.979798	0.979798	0.979798	0.979798	0.979798	0.979798	0.979798	0.979798	0.979798	0.979798	0.979798	0.979798	0.979798	0.979798	0.979798	0.979798	0.979798	0.979798	0.979798	0.979798	0.979798	0.979798	0.979798	0.979798	0.979798	0.979798	0.979798	0.979798	0.979798	0.979798	0.979798	0.979798	0.979798	0.979798	0.979798	0.979798	0.979798	0.979798	0.979798	0.979798	0.979798	0.979798	0.979798	0.979798	0.979798	0.979798	0.979798	0.979798	0.979798	0.979798	0.979798	0.979798	0.979798	0.979798	0.979798	0.979798	0.979798	0.979798	0.979798	0.979798	0.979798	0.979798	0.979798	0.979798	0.979798	0.979798	0.979798	0.979798	0.979798	0.979798	0.979798	0.979798	0.979798	0.979798	0.979798	0.979798	0.979798	0.979798	0.979798	0.979798	0.979798	0.979798	0.979798	0.979798	0.979798	0.979798	0.979798	0.979798	0.979798	0.979798	0.979798	0.979798	0.979798	0.979798	0.979798	0.979798	0.979798	0.979798	0.979798	0.979798	0.979798	0.976431	0.976431	0.976431	0.976431	0.976431	0.976431	0.976431	0.976431	0.976431	0.976431	0.976431	0.976431	
0.979849	0.979486	0.979486	0.979486	0.979486	0.979486	0.979486	0.979486	0.979486	0.979486	0.979486	0.979486	0.979486	0.979486	0.979486	0.979486	0.979486	0.979486	0.979486	0.979486	0.979486	0.979486	0.979486	0.979486	0.979486	0.979486	0.979486	0.979798	0.979798	0.979798	0.979798	0.979798	0.979798	0.979798	0.979798	0.979798	0.979798	0.979798	0.979798	0.979798	0.979798	0.979798	0.979798	0.979798	0.979798	0.979798	0.979798	0.979798	0.979798	0.979798	0.979798	0.979798	0.979798	0.979798	0.979798	0.979798	0.979798	0.979798	0.979798	0.979798	0.979798	0.979798	0.979798	0.979798	0.979798	0.979798	0.979798	0.979798	0.979798	0.979798	0.979798	0.979798	0.979798	0.979798	0.979798	0.979798	0.979798	0.979798	0.979798	0.979798	0.979798	0.979798	0.979798	0.979798	0.979798	0.979798	0.979798	0.979798	0.979798	0.979798	0.979798	0.979798	0.979798	0.979798	0.979798	0.979798	0.979798	0.979798	0.979798	0.979798	0.979798	0.979798	0.979798	0.979798	0.979798	0.979798	0.979798	0.979798	0.979798	0.979798	0.979798	0.979798	0.979798	0.979798	0.979798	0.979798	0.979798	0.979798	0.979798	0.979798	0.979798	0.979798	0.979798	0.979798	0.979798	0.979798	0.979798	0.979798	0.979798	0.979798	0.979798	0.979798	0.979798	0.979798	0.979798	0.979798	0.979798	0.979798	0.979798	0.979798	0.979798	0.979798	0.979798	0.979798	0.979798	0.979798	0.979798	0.979798	0.979798	0.979798	0.979798	0.979798	0.979798	0.979798	0.979798	0.979798	0.979798	0.979798	0.979798	0.979798	0.979798	0.979798	0.979798	0.979798	0.979798	0.979798	0.979798	0.979798	0.979798	0.979798	0.979798	0.976431	0.976431	0.976431	0.976431	0.976431	0.976431	0.976431	0.976431	0.976431	0.976431	0.976431	0.976431	
0.979486	0.979486	0.979486	0.979486	0.979486	0.979486	0.979486	0.979486	0.979486	0.979486	0.979486	0.979486	0.979486	0.979486	0.979486	0.979486	0.979486	0.979486	0.979486	0.979486	0.979486	0.979486	0.979486	0.979486	0.979486	0.979798	0.979798	0.979798	0.979798	0.979798	0.979798	0.979798	0.979798	0.979798	0.979798	0.979798	0.979798	0.979798	0.979798	0.979798	0.979798	0.979798	0.979798	0.979798	0.979798	0.979798	0.979798	0.979798	0.979798	0.979798	0.979798	0.979798	0.979798	0.979798	0.979798	0.979798	0.979798	0.979798	0.979798	0.979798	0.979798	0.979798	0.979798	0.979798	0.979798	0.979798	0.979798	0.979798	0.979798	0.979798	0.979798	0.979798	0.979798	0.979798	0.979798	0.979798	0.979798	0.979798	0.979798	0.979798	0.979798	0.979798	0.979798	0.979798	0.979798	0.979798	0.979798	0.979798	0.979798	0.979798	0.979798	0.979798	0.979798	0.979798	0.979798	0.979798	0.979798	0.979798	0.979798	0.979798	0.979798	0.979798	0.979798	0.979798	0.979798	0.979798	0.979798	0.979798	0.979798	0.979798	0.979798	0.979798	0.979798	0.979798	0.979798	0.979798	0.979798	0.979798	0.979798	0.979798	0.979798	0.979798	0.979798	0.979798	0.979798	0.979798	0.979798	0.979798	0.979798	0.979798	0.979798	0.979798	0.979798	0.979798	0.979798	0.979798	0.979798	0.979798	0.979798	0.979798	0.979798	0.979798	0.979798	0.979798	0.979798	0.979798	0.979798	0.979798	0.979798	0.979798	0.979798	0.979798	0.979798	0.979798	0.979798	0.979798	0.979798	0.979798	0.979798	0.979798	0.979798	0.979798	0.979798	0.979798	0.979798	0.979798	0.979798	0.979798	0.979798	0.979798	0.979798	0.976431	0.976431	0.976431	0.976431	0.976431	0.976431	0.976431	0.976431	0.976431	0.976431	0.976431	0.976431	
0.979849	0.979486	0.979486	0.979486	0.979486	0.979486	0.979486	0.979486	0.979486	0.979486	0.979486	0.979486	0.979486	0.979486	0.979486	0.979486	0.979486	0.979486	0.979486	0.979486	0.979486	0.979486	0.979486	0.979798	0.979798	0.979798	0.979798	0.979798	0.979798	0.979798	0.979798	0.979798	0.979798	0.979798	0.979798	0.979798	0.979798	0.979798	0.979798	0.979798	0.979798	0.979798	0.979798	0.979798	0.979798	0.979798	0.979798	0.979798	0.979798	0.979798	0.979798	0.979798	0.979798	0.979798	0.979798	0.979798	0.979798	0.979798	0.979798	0.979798	0.979798	0.979798	0.979798	0.979798	0.979798	0.979798	0.979798	0.979798	0.979798	0.979798	0.979798	0.979798	0.979798	0.979798	0.979798	0.979798	0.979798	0.979798	0.979798	0.979798	0.979798	0.979798	0.979798	0.979798	0.979798	0.979798	0.979798	0.979798	0.979798	0.979798	0.979798	0.979798	0.979798	0.979798	0.979798	0.979798	0.979798	0.979798	0.979798	0.979798	0.979798	0.979798	0.979798	0.979798	0.979798	0.979798	0.979798	0.979798	0.979798	0.979798	0.979798	0.979798	0.979798	0.979798	0.979798	0.979798	0.979798	0.979798	0.979798	0.979798	0.979798	0.979798	0.979798	0.979798	0.979798	0.979798	0.979798	0.979798	0.979798	0.979798	0.979798	0.979798	0.979798	0.979798	0.979798	0.979798	0.979798	0.979798	0.979798	0.979798	0.979798	0.979798	0.979798	0.979798	0.979798	0.979798	0.979798	0.979798	0.979798	0.979798	0.979798	0.979798	0.979798	0.979798	0.979798	0.979798	0.979798	0.979798	0.979798	0.979798	0.979798	0.979798	0.979798	0.979798	0.979798	0.979798	0.979798	0.979798	0.979798	0.979798	0.979798	0.979798	0.976431	0.976431	0.976431	0.976431	0.976431	0.976431	0.976431	0.976431	0.976431	0.976431	0.976431	0.976431	
0.979486	0.979486	0.979486	0.979486	0.979486	0.979486	0.979486	0.979486	0.979486	0.979486	0.979486	0.979486	0.979486	0.979486	0.979486	0.979486	0.979486	0.979486	0.979486	0.979486	0.979486	0.979697	0.979798	0.979798	0.979798	0.979798	0.979798	0.979798	0.979798	0.979798	0.979798	0.979798	0.979798	0.979798	0.979798	0.979798	0.979798	0.979798	0.979798	0.979798	0.979798	0.979798	0.979798	0.979798	0.979798	0.979798	0.979798	0.979798	0.979798	0.979798	0.979798	0.979798	0.979798	0.979798	0.979798	0.979798	0.979798	0.979798	0.979798	0.979798	0.979798	0.979798	0.979798	0.979798	0.979798	0.979798	0.979798	0.979798	0.979798	0.979798	0.979798	0.979798	0.979798	0.979798	0.979798	0.979798	0.979798	0.979798	0.979798	0.979798	0.979798	0.979798	0.979798	0.979798	0.979798	0.979798	0.979798	0.979798	0.979798	0.979798	0.979798	0.979798	0.979798	0.979798	0.979798	0.979798	0.979798	0.979798	0.979798	0.979798	0.979798	0.979798	0.979798	0.979798	0.979798	0.979798	0.979798	0.979798	0.979798	0.979798	0.979798	0.979798	0.979798	0.979798	0.979798	0.979798	0.979798	0.979798	0.979798	0.979798	0.979798	0.979798	0.979798	0.979798	0.979798	0.979798	0.979798	0.979798	0.979798	0.979798	0.979798	0.979798	0.979798	0.979798	0.979798	0.979798	0.979798	0.979798	0.979798	0.979798	0.979798	0.979798	0.979798	0.979798	0.979798	0.979798	0.979798	0.979798	0.979798	0.979798	0.979798	0.979798	0.979798	0.979798	0.979798	0.979798	0.979798	0.979798	0.979798	0.979798	0.979798	0.979798	0.979798	0.979798	0.979798	0.979798	0.979798	0.979798	0.979798	0.979798	0.979798	0.979798	0.976431	0.976431	0.976431	0.976431	0.976431	0.976431	0.976431	0.976431	0.976431	0.976431	0.976431	0.976431	
0.979486	0.979486	0.979486	0.979486	0.979486	0.979486	0.979486	0.979486	0.979486	0.979486	0.979486	0.979486	0.979486	0.979486	0.979486	0.979486	0.979486	0.979486	0.979486	0.979697	0.979697	0.979697	0.979697	0.979798	0.979798	0.979798	0.979798	0.979798	0.979798	0.979798	0.979798	0.979798	0.979798	0.979798	0.979798	0.979798	0.979798	0.979798	0.979798	0.979798	0.979798	0.979798	0.979798	0.979798	0.979798	0.979798	0.979798	0.979798	0.979798	0.979798	0.979798	0.979798	0.979798	0.979798	0.979798	0.979798	0.979798	0.979798	0.979798	0.979798	0.979798	0.979798	0.979798	0.979798	0.979798	0.979798	0.979798	0.979798	0.979798	0.979798	0.979798	0.979798	0.979798	0.979798	0.979798	0.979798	0.979798	0.979798	0.979798	0.979798	0.979798	0.979798	0.979798	0.979798	0.979798	0.979798	0.979798	0.979798	0.979798	0.979798	0.979798	0.979798	0.979798	0.979798	0.979798	0.979798	0.979798	0.979798	0.979798	0.979798	0.979798	0.979798	0.979798	0.979798	0.979798	0.979798	0.979798	0.979798	0.979798	0.979798	0.979798	0.979798	0.979798	0.979798	0.979798	0.979798	0.979798	0.979798	0.979798	0.979798	0.979798	0.979798	0.979798	0.979798	0.979798	0.979798	0.979798	0.979798	0.979798	0.979798	0.979798	0.979798	0.979798	0.979798	0.979798	0.979798	0.979798	0.979798	0.979798	0.979798	0.979798	0.979798	0.979798	0.979798	0.979798	0.979798	0.979798	0.979798	0.979798	0.979798	0.979798	0.979798	0.979798	0.979798	0.979798	0.979798	0.979798	0.979798	0.979798	0.979798	0.979798	0.979798	0.979798	0.979798	0.979798	0.979798	0.979798	0.979798	0.979798	0.979798	0.979798	0.979798	0.979798	0.976431	0.976431	0.976431	0.976431	0.976431	0.976431	0.976431	0.976431	0.976431	0.976431	0.976431	0.976431	
0.979849	0.979486	0.979486	0.979486	0.979486	0.979486	0.979486	0.979486	0.979486	0.979486	0.979486	0.979486	0.979486	0.979486	0.979486	0.979486	0.979486	0.979486	0.979697	0.979697	0.979697	0.979697	0.979697	0.979697	0.979798	0.979798	0.979798	0.979798	0.979798	0.979798	0.979798	0.979798	0.979798	0.979798	0.979798	0.979798	0.979798	0.979798	0.979798	0.979798	0.979798	0.979798	0.979798	0.979798	0.979798	0.979798	0.979798	0.979798	0.979798	0.979798	0.979798	0.979798	0.979798	0.979798	0.979798	0.979798	0.979798	0.979798	0.979798	0.979798	0.979798	0.979798	0.979798	0.979798	0.979798	0.979798	0.979798	0.979798	0.979798	0.979798	0.979798	0.979798	0.979798	0.979798	0.979798	0.979798	0.979798	0.979798	0.979798	0.979798	0.979798	0.979798	0.979798	0.979798	0.979798	0.979798	0.979798	0.979798	0.979798	0.979798	0.979798	0.979798	0.979798	0.979798	0.979798	0.979798	0.979798	0.979798	0.979798	0.979798	0.979798	0.979798	0.979798	0.979798	0.979798	0.979798	0.979798	0.979798	0.979798	0.979798	0.979798	0.979798	0.979798	0.979798	0.979798	0.979798	0.979798	0.979798	0.979798	0.979798	0.979798	0.979798	0.979798	0.979798	0.979798	0.979798	0.979798	0.979798	0.979798	0.979798	0.979798	0.979798	0.979798	0.979798	0.979798	0.979798	0.979798	0.979798	0.979798	0.979798	0.979798	0.979798	0.979798	0.979798	0.979798	0.979798	0.979798	0.979798	0.979798	0.979798	0.979798	0.979798	0.979798	0.979798	0.979798	0.979798	0.979798	0.979798	0.979798	0.979798	0.979798	0.979798	0.979798	0.979798	0.979798	0.979798	0.979798	0.979798	0.979798	0.979798	0.979798	0.979798	0.979798	0.979798	0.976431	0.976431	0.976431	0.976431	0.976431	0.976431	0.976431	0.976431	0.976431	0.976431	0.976431	0.976431	
0.979486	0.979486	0.979486	0.979486	0.979486	0.979486	0.979486	0.979486	0.979486	0.979486	0.979486	0.979486	0.979486	0.979486	0.979486	0.979697	0.979697	0.979697	0.979697	0.979697	0.979697	0.979697	0.979697	0.979697	0.979798	0.979798	0.979798	0.979798	0.979798	0.979798	0.979798	0.979798	0.979798	0.979798	0.979798	0.979798	0.979798	0.979798	0.979798	0.979798	0.979798	0.979798	0.979798	0.979798	0.979798	0.979798	0.979798	0.979798	0.979798	0.979798	0.979798	0.979798	0.979798	0.979798	0.979798	0.979798	0.979798	0.979798	0.979798	0.979798	0.979798	0.979798	0.979798	0.979798	0.979798	0.979798	0.979798	0.979798	0.979798	0.979798	0.979798	0.979798	0.979798	0.979798	0.979798	0.979798	0.979798	0.979798	0.979798	0.979798	0.979798	0.979798	0.979798	0.979798	0.979798	0.979798	0.979798	0.979798	0.979798	0.979798	0.979798	0.979798	0.979798	0.979798	0.979798	0.979798	0.979798	0.979798	0.979798	0.979798	0.979798	0.979798	0.979798	0.979798	0.979798	0.979798	0.979798	0.979798	0.979798	0.979798	0.979798	0.979798	0.979798	0.979798	0.979798	0.979798	0.979798	0.979798	0.979798	0.979798	0.979798	0.979798	0.979798	0.979798	0.979798	0.979798	0.979798	0.979798	0.979798	0.979798	0.979798	0.979798	0.979798	0.979798	0.979798	0.979798	0.979798	0.979798	0.979798	0.979798	0.979798	0.979798	0.979798	0.979798	0.979798	0.979798	0.979798	0.979798	0.979798	0.979798	0.979798	0.979798	0.979798	0.979798	0.979798	0.979798	0.979798	0.979798	0.979798	0.979798	0.979798	0.979798	0.979798	0.979798	0.979798	0.979798	0.979798	0.979798	0.979798	0.979798	0.979798	0.979798	0.979798	0.979798	0.976431	0.976431	0.976431	0.976431	0.976431	0.976431	0.976431	0.976431	0.976431	0.976431	0.976431	0.976431	
0.979486	0.979486	0.979486	0.979486	0.979486	0.979486	0.979486	0.979486	0.979486	0.979486	0.979486	0.979486	0.979486	0.979697	0.979697	0.979697	0.979697	0.979697	0.979697	0.979697	0.979697	0.979697	0.979697	0.979798	0.979798	0.979798	0.979798	0.979798	0.979798	0.979798	0.979798	0.979798	0.979798	0.979798	0.979798	0.979798	0.979798	0.979798	0.979798	0.979798	0.979798	0.979798	0.979798	0.979798	0.979798	0.979798	0.979798	0.979798	0.979798	0.979798	0.979798	0.979798	0.979798	0.979798	0.979798	0.979798	0.979798	0.979798	0.979798	0.979798	0.979798	0.979798	0.979798	0.979798	0.979798	0.979798	0.979798	0.979798	0.979798	0.979798	0.979798	0.979798	0.979798	0.979798	0.979798	0.979798	0.979798	0.979798	0.979798	0.979798	0.979798	0.979798	0.979798	0.979798	0.979798	0.979798	0.979798	0.979798	0.979798	0.979798	0.979798	0.979798	0.979798	0.979798	0.979798	0.979798	0.979798	0.979798	0.979798	0.979798	0.979798	0.979798	0.979798	0.979798	0.979798	0.979798	0.979798	0.979798	0.979798	0.979798	0.979798	0.979798	0.979798	0.979798	0.979798	0.979798	0.979798	0.979798	0.979798	0.979798	0.979798	0.979798	0.979798	0.979798	0.979798	0.979798	0.979798	0.979798	0.979798	0.979798	0.979798	0.979798	0.979798	0.979798	0.979798	0.979798	0.979798	0.979798	0.979798	0.979798	0.979798	0.979798	0.979798	0.979798	0.979798	0.979798	0.979798	0.979798	0.979798	0.979798	0.979798	0.979798	0.979798	0.979798	0.979798	0.979798	0.979798	0.979798	0.979798	0.979798	0.979798	0.979798	0.979798	0.979798	0.979798	0.979798	0.979798	0.979798	0.979798	0.979798	0.979798	0.979798	0.979798	0.979798	0.979798	0.976431	0.976431	0.976431	0.976431	0.976431	0.976431	0.976431	0.976431	0.976431	0.976431	0.976431	0.976431	
0.979486	0.979486	0.979486	0.979486	0.979486	0.979486	0.979486	0.979486	0.979486	0.979486	0.979486	0.979697	0.979697	0.979697	0.979697	0.979697	0.979697	0.979697	0.979697	0.979798	0.979798	0.979798	0.979798	0.979798	0.979798	0.979798	0.979798	0.979798	0.979798	0.979798	0.979798	0.979798	0.979798	0.979798	0.979798	0.979798	0.979798	0.979798	0.979798	0.979798	0.979798	0.979798	0.979798	0.979798	0.979798	0.979798	0.979798	0.979798	0.979798	0.979798	0.979798	0.979798	0.979798	0.979798	0.979798	0.979798	0.979798	0.979798	0.979798	0.979798	0.979798	0.979798	0.979798	0.979798	0.979798	0.979798	0.979798	0.979798	0.979798	0.979798	0.979798	0.979798	0.979798	0.979798	0.979798	0.979798	0.979798	0.979798	0.979798	0.979798	0.979798	0.979798	0.979798	0.979798	0.979798	0.979798	0.979798	0.979798	0.979798	0.979798	0.979798	0.979798	0.979798	0.979798	0.979798	0.979798	0.979798	0.979798	0.979798	0.979798	0.979798	0.979798	0.979798	0.979798	0.979798	0.979798	0.979798	0.979798	0.979798	0.979798	0.979798	0.979798	0.979798	0.979798	0.979798	0.979798	0.979798	0.979798	0.979798	0.979798	0.979798	0.979798	0.979798	0.979798	0.979798	0.979798	0.979798	0.979798	0.979798	0.979798	0.979798	0.979798	0.979798	0.979798	0.979798	0.979798	0.979798	0.979798	0.979798	0.979798	0.979798	0.979798	0.979798	0.979798	0.979798	0.979798	0.979798	0.979798	0.979798	0.979798	0.979798	0.979798	0.979798	0.979798	0.979798	0.979798	0.979798	0.979798	0.979798	0.979798	0.979798	0.979798	0.979798	0.979798	0.979798	0.979798	0.979798	0.979798	0.979798	0.979798	0.979798	0.979798	0.979798	0.979798	0.979798	0.976431	0.976431	0.976431	0.976431	0.976431	0.976431	0.976431	0.976431	0.976431	0.976431	0.976431	0.976431	
0.979486	0.979486	0.979486	0.979486	0.979486	0.979486	0.979486	0.979486	0.979486	0.979697	0.979697	0.979697	0.979697	0.979697	0.979697	0.979697	0.979798	0.979798	0.979798	0.979798	0.979798	0.979798	0.979798	0.979798	0.979798	0.979798	0.979798	0.979798	0.979798	0.979798	0.979798	0.979798	0.979798	0.979798	0.979798	0.979798	0.979798	0.979798	0.979798	0.979798	0.979798	0.979798	0.979798	0.979798	0.979798	0.979798	0.979798	0.979798	0.979798	0.979798	0.979798	0.979798	0.979798	0.979798	0.979798	0.979798	0.979798	0.979798	0.979798	0.979798	0.979798	0.979798	0.979798	0.979798	0.979798	0.979798	0.979798	0.979798	0.979798	0.979798	0.979798	0.979798	0.979798	0.979798	0.979798	0.979798	0.979798	0.979798	0.979798	0.979798	0.979798	0.979798	0.979798	0.979798	0.979798	0.979798	0.979798	0.979798	0.979798	0.979798	0.979798	0.979798	0.979798	0.979798	0.979798	0.979798	0.979798	0.979798	0.979798	0.979798	0.979798	0.979798	0.979798	0.979798	0.979798	0.979798	0.979798	0.979798	0.979798	0.979798	0.979798	0.979798	0.979798	0.979798	0.979798	0.979798	0.979798	0.979798	0.979798	0.979798	0.979798	0.979798	0.979798	0.979798	0.979798	0.979798	0.979798	0.979798	0.979798	0.979798	0.979798	0.979798	0.979798	0.979798	0.979798	0.979798	0.979798	0.979798	0.979798	0.979798	0.979798	0.979798	0.979798	0.979798	0.979798	0.979798	0.979798	0.979798	0.979798	0.979798	0.979798	0.979798	0.979798	0.979798	0.979798	0.979798	0.979798	0.979798	0.979798	0.979798	0.979798	0.979798	0.979798	0.979798	0.979798	0.979798	0.979798	0.979798	0.979798	0.979798	0.979798	0.979798	0.979798	0.979798	0.979798	0.979798	0.976431	0.976431	0.976431	0.976431	0.976431	0.976431	0.976431	0.976431	0.976431	0.976431	0.976431	0.976431	
0.979486	0.979486	0.979486	0.979486	0.979486	0.979486	0.979486	0.979697	0.979697	0.979697	0.979697	0.979697	0.979798	0.979798	0.979798	0.979798	0.979798	0.979798	0.979798	0.979798	0.979798	0.979798	0.979798	0.979798	0.979798	0.979798	0.979798	0.979798	0.979798	0.979798	0.979798	0.979798	0.979798	0.979798	0.979798	0.979798	0.979798	0.979798	0.979798	0.979798	0.979798	0.979798	0.979798	0.979798	0.979798	0.979798	0.979798	0.979798	0.979798	0.979798	0.979798	0.979798	0.979798	0.979798	0.979798	0.979798	0.979798	0.979798	0.979798	0.979798	0.979798	0.979798	0.979798	0.979798	0.979798	0.979798	0.979798	0.979798	0.979798	0.979798	0.979798	0.979798	0.979798	0.979798	0.979798	0.979798	0.979798	0.979798	0.979798	0.979798	0.979798	0.979798	0.979798	0.979798	0.979798	0.979798	0.979798	0.979798	0.979798	0.979798	0.979798	0.979798	0.979798	0.979798	0.979798	0.979798	0.979798	0.979798	0.979798	0.979798	0.979798	0.979798	0.979798	0.979798	0.979798	0.979798	0.979798	0.979798	0.979798	0.979798	0.979798	0.979798	0.979798	0.979798	0.979798	0.979798	0.979798	0.979798	0.979798	0.979798	0.979798	0.979798	0.979798	0.979798	0.979798	0.979798	0.979798	0.979798	0.979798	0.979798	0.979798	0.979798	0.979798	0.979798	0.979798	0.979798	0.979798	0.979798	0.979798	0.979798	0.979798	0.979798	0.979798	0.979798	0.979798	0.979798	0.979798	0.979798	0.979798	0.979798	0.979798	0.979798	0.979798	0.979798	0.979798	0.979798	0.979798	0.979798	0.979798	0.979798	0.979798	0.979798	0.979798	0.979798	0.979798	0.979798	0.979798	0.979798	0.979798	0.979798	0.979798	0.979798	0.979798	0.979798	0.979798	0.979798	0.976431	0.976431	0.976431	0.976431	0.976431	0.976431	0.976431	0.976431	0.976431	0.976431	0.976431	0.976431	
0.979486	0.979486	0.979486	0.979486	0.979486	0.979697	0.979697	0.979697	0.979697	0.979798	0.979798	0.979798	0.979798	0.979798	0.979798	0.979798	0.979798	0.979798	0.979798	0.979798	0.979798	0.979798	0.979798	0.979798	0.979798	0.979798	0.979798	0.979798	0.979798	0.979798	0.979798	0.979798	0.979798	0.979798	0.979798	0.979798	0.979798	0.979798	0.979798	0.979798	0.979798	0.979798	0.979798	0.979798	0.979798	0.979798	0.979798	0.979798	0.979798	0.979798	0.979798	0.979798	0.979798	0.979798	0.979798	0.979798	0.979798	0.979798	0.979798	0.979798	0.979798	0.979798	0.979798	0.979798	0.979798	0.979798	0.979798	0.979798	0.979798	0.979798	0.979798	0.979798	0.979798	0.979798	0.979798	0.979798	0.979798	0.979798	0.979798	0.979798	0.979798	0.979798	0.979798	0.979798	0.979798	0.979798	0.979798	0.979798	0.979798	0.979798	0.979798	0.979798	0.979798	0.979798	0.979798	0.979798	0.979798	0.979798	0.979798	0.979798	0.979798	0.979798	0.979798	0.979798	0.979798	0.979798	0.979798	0.979798	0.979798	0.979798	0.979798	0.979798	0.979798	0.979798	0.979798	0.979798	0.979798	0.979798	0.979798	0.979798	0.979798	0.979798	0.979798	0.979798	0.979798	0.979798	0.979798	0.979798	0.979798	0.979798	0.979798	0.979798	0.979798	0.979798	0.979798	0.979798	0.979798	0.979798	0.979798	0.979798	0.979798	0.979798	0.979798	0.979798	0.979798	0.979798	0.979798	0.979798	0.979798	0.979798	0.979798	0.979798	0.979798	0.979798	0.979798	0.979798	0.979798	0.979798	0.979798	0.979798	0.979798	0.979798	0.979798	0.979798	0.979798	0.979798	0.979798	0.979798	0.979798	0.979798	0.979798	0.979798	0.979798	0.979798	0.979798	0.979798	0.979798	0.976431	0.976431	0.976431	0.976431	0.976431	0.976431	0.976431	0.976431	0.976431	0.976431	0.976431	0.976431	
0.979486	0.979486	0.979486	0.979697	0.979697	0.979697	0.979798	0.979798	0.979798	0.979798	0.979798	0.979798	0.979798	0.979798	0.979798	0.979798	0.979798	0.979798	0.979798	0.979798	0.979798	0.979798	0.979798	0.979798	0.979798	0.979798	0.979798	0.979798	0.979798	0.979798	0.979798	0.979798	0.979798	0.979798	0.979798	0.979798	0.979798	0.979798	0.979798	0.979798	0.979798	0.979798	0.979798	0.979798	0.979798	0.979798	0.979798	0.979798	0.979798	0.979798	0.979798	0.979798	0.979798	0.979798	0.979798	0.979798	0.979798	0.979798	0.979798	0.979798	0.979798	0.979798	0.979798	0.979798	0.979798	0.979798	0.979798	0.979798	0.979798	0.979798	0.979798	0.979798	0.979798	0.979798	0.979798	0.979798	0.979798	0.979798	0.979798	0.979798	0.979798	0.979798	0.979798	0.979798	0.979798	0.979798	0.979798	0.979798	0.979798	0.979798	0.979798	0.979798	0.979798	0.979798	0.979798	0.979798	0.979798	0.979798	0.979798	0.979798	0.979798	0.979798	0.979798	0.979798	0.979798	0.979798	0.979798	0.979798	0.979798	0.979798	0.979798	0.979798	0.979798	0.979798	0.979798	0.979798	0.979798	0.979798	0.979798	0.979798	0.979798	0.979798	0.979798	0.979798	0.979798	0.979798	0.979798	0.979798	0.979798	0.979798	0.979798	0.979798	0.979798	0.979798	0.979798	0.979798	0.979798	0.979798	0.979798	0.979798	0.979798	0.979798	0.979798	0.979798	0.979798	0.979798	0.979798	0.979798	0.979798	0.979798	0.979798	0.979798	0.979798	0.979798	0.979798	0.979798	0.979798	0.979798	0.979798	0.979798	0.979798	0.979798	0.979798	0.979798	0.979798	0.979798	0.979798	0.979798	0.979798	0.979798	0.979798	0.979798	0.979798	0.979798	0.979798	0.979798	0.979798	0.979798	0.976431	0.976431	0.976431	0.976431	0.976431	0.976431	0.976431	0.976431	0.976431	0.976431	0.976431	0.976431	
0.979486	0.979697	0.979798	0.979798	0.979798	0.979798	0.979798	0.979798	0.979798	0.979798	0.979798	0.979798	0.979798	0.979798	0.979798	0.979798	0.979798	0.979798	0.979798	0.979798	0.979798	0.979798	0.979798	0.979798	0.979798	0.979798	0.979798	0.979798	0.979798	0.979798	0.979798	0.979798	0.979798	0.979798	0.979798	0.979798	0.979798	0.979798	0.979798	0.979798	0.979798	0.979798	0.979798	0.979798	0.979798	0.979798	0.979798	0.979798	0.979798	0.979798	0.979798	0.979798	0.979798	0.979798	0.979798	0.979798	0.979798	0.979798	0.979798	0.979798	0.979798	0.979798	0.979798	0.979798	0.979798	0.979798	0.979798	0.979798	0.979798	0.979798	0.979798	0.979798	0.979798	0.979798	0.979798	0.979798	0.979798	0.979798	0.979798	0.979798	0.979798	0.979798	0.979798	0.979798	0.979798	0.979798	0.979798	0.979798	0.979798	0.979798	0.979798	0.979798	0.979798	0.979798	0.979798	0.979798	0.979798	0.979798	0.979798	0.979798	0.979798	0.979798	0.979798	0.979798	0.979798	0.979798	0.979798	0.979798	0.979798	0.979798	0.979798	0.979798	0.979798	0.979798	0.979798	0.979798	0.979798	0.979798	0.979798	0.979798	0.979798	0.979798	0.979798	0.979798	0.979798	0.979798	0.979798	0.979798	0.979798	0.979798	0.979798	0.979798	0.979798	0.979798	0.979798	0.979798	0.979798	0.979798	0.979798	0.979798	0.979798	0.979798	0.979798	0.979798	0.979798	0.979798	0.979798	0.979798	0.979798	0.979798	0.979798	0.979798	0.979798	0.979798	0.979798	0.979798	0.979798	0.979798	0.979798	0.979798	0.979798	0.979798	0.979798	0.979798	0.979798	0.979798	0.979798	0.979798	0.979798	0.979798	0.979798	0.979798	0.979798	0.979798	0.979798	0.979798	0.979798	0.979798	0.976431	0.976431	0.976431	0.976431	0.976431	0.976431	0.976431	0.976431	0.976431	0.976431	0.976431	0.976431	
0.980923	0.980923	0.980923	0.980923	0.980923	0.980923	0.980923	0.980923	0.980923	0.980923	0.980923	0.980923	0.980923	0.980923	0.980923	0.980923	
0.980923	0.980923	0.980923	0.980923	0.980923	0.980923	0.980923	0.980923	0.980923	0.980923	0.980923	0.980923	0.980923	0.980923	0.980923	
0.980923	0.980923	0.980923	0.980923	0.980923	0.980923	0.980923	0.980923	0.980923	0.980923	0.980923	0.980923	0.980923	0.980923	
0.980923	0.980923	0.980923	0.980923	0.980923	0.980923	0.980923	0.980923	0.980923	0.980923	0.980923	0.980923	0.980923	
0.980923	0.980923	0.980923	0.980923	0.980923	0.980923	0.980923	0.980923	0.980923	0.980923	0.980923	0.980923	0.980923	
0.980923	0.980923	0.980923	0.980923	0.980923	0.980923	0.980923	0.980923	0.980923	0.980923	0.980923	0.980923	
0.980923	0.980923	0.980923	0.980923	0.980923	0.980923	0.980923	0.980923	0.980923	0.980923	0.980923	
0.980923	0.980923	0.980923	0.980923	0.980923	0.980923	0.980923	0.980923	0.980923	0.980923	
0.980923	0.980923	0.980923	0.980923	0.980923	0.980923	0.980923	0.980923	0.980923	0.980923	
0.980923	0.980923	0.980923	0.980923	0.980923	0.980923	0.980923	0.980923	0.980923	
0.980923	0.980923	0.980923	0.980923	0.980923	0.980923	0.980923	0.980923	
0.980923	0.980923	0.980923	0.980923	0.980923	0.980923	0.980923	
0.980923	0.980923	0.980923	0.980923	0.980923	0.980923	
0.980923	0.980923	0.980923	0.980923	0.980923	0.980923	
0.980923	0.980923	0.980923	0.980923	0.980923	
0.980923	0.980923	0.980923	0.980923	
0.980923	0.980923	0.980923	
0.980923	0.980923	0.980923	
0.980923	0.980923	
0.980923	






































































































































































































































